1.213445386538902993e+00
8.001849296319688554e-01
6.074868661677862436e-01
5.676009746459431682e-01
6.391172780949845311e-01
5.798331276716616189e-01
5.760389339998682745e-01
6.258269643667750959e-01
6.002927991008369935e-01
4.209956781138690096e-01
4.848645681805877072e-01
4.523426753968302627e-01
4.889028860379456276e-01
5.507061415666347770e-01
4.642435586464025987e-01
3.613812556912183171e-01
3.536708811775614025e-01
3.609938717001460184e-01
3.684109441167873755e-01
3.307637171103404161e-01
3.464798481943897612e-01
4.025033284794602984e-01
4.260335370747006523e-01
4.655191192849196802e-01
5.064878688376938110e-01
5.252924615867499147e-01
5.211411683509746817e-01
6.136110851652601950e-01
6.030245582756196265e-01
6.695247395521300993e-01
6.971604148737895468e-01
7.004639523374474042e-01
7.052310549486906499e-01
6.900054223389706642e-01
7.015060311517654634e-01
7.221401226587402800e-01
6.773648230183837438e-01
7.139938511272780897e-01
7.282432726878895757e-01
7.128356212161035543e-01
7.193250729360132212e-01
7.193827547578730552e-01
7.173419829744559495e-01
7.762264937289760081e-01
7.911246980612094415e-01
7.702619036675518727e-01
8.052654613732782574e-01
8.175391982126439805e-01
8.234716855053209050e-01
8.238328957659566409e-01
8.449919272182334629e-01
8.522395047112407696e-01
8.943189218258246198e-01
8.836532172102194993e-01
8.944808930540696368e-01
8.879660101782562709e-01
8.686940948932598827e-01
9.086403279987156356e-01
8.761340317308393688e-01
9.102160236519626357e-01
9.146021638925259101e-01
9.160181627186954056e-01
9.079028822672672305e-01
9.116233296883411441e-01
9.011919432216219938e-01
8.954375239773693096e-01
9.091558012570071234e-01
9.126429618933261656e-01
9.198376750334714691e-01
8.914965107145472745e-01
8.951249495785460475e-01
9.147289059101006981e-01
9.355070753994151334e-01
9.204497738526418171e-01
9.365662015401400309e-01
9.234528027029118569e-01
9.313738959976750609e-01
9.543043628462359873e-01
9.530870985781025873e-01
9.290978230981745689e-01
9.446926259586954089e-01
9.396251153487426011e-01
9.621163885562847851e-01
9.593651087110878217e-01
9.655761695825136881e-01
9.729311164373006804e-01
9.781501665074601171e-01
9.567190025352004801e-01
9.741928283220682161e-01
9.699481311771604997e-01
9.699388050880187739e-01
9.771443036122199333e-01
9.765758404874393950e-01
9.858001577548491934e-01
9.855968836281034928e-01
9.914689623137824537e-01
9.801580404114519363e-01
9.801454290620281729e-01
9.830667241516276578e-01
1.002232018953714610e+00
