8.923343137288705096e-01
1.515086930022280454e+00
2.576239891031868456e+00
3.107000873384312634e+00
3.381568618309803487e+00
3.393466002411312576e+00
3.408399004202622429e+00
3.164964242368681901e+00
3.132702250765939223e+00
3.724355993107852925e+00
3.720084663130279079e+00
3.345118819138942712e+00
3.378608746406359664e+00
3.031401645424019797e+00
3.094686415460374818e+00
3.152815795352316375e+00
2.995664138060349480e+00
2.989204176470764640e+00
3.030964108613821040e+00
2.942863934060447217e+00
2.986337152301755893e+00
2.839657581769503114e+00
2.711999180989387526e+00
2.580122139718797669e+00
2.450368897527710921e+00
2.411530548690730580e+00
2.364112449507428160e+00
2.292589401078020561e+00
2.226869491939870827e+00
2.139799855713151455e+00
2.055742883274697785e+00
1.992020169893900627e+00
2.026429331200754635e+00
2.046421627713064684e+00
2.058950002376849664e+00
2.000706256454826359e+00
2.071806198001926891e+00
1.991529743895571469e+00
1.953861468877547747e+00
1.937616264718210690e+00
1.942919552835643771e+00
1.928402805430257327e+00
1.906601144717289920e+00
1.777634091866322041e+00
1.753869065362164026e+00
1.813722716437445648e+00
1.743930801367148398e+00
1.668393689343053099e+00
1.715211959985586399e+00
1.686461867430271155e+00
1.656037519120762580e+00
1.623681144836621515e+00
1.555857676726121186e+00
1.593215132370973341e+00
1.601189345885545734e+00
1.575266948622516150e+00
1.628361174693474300e+00
1.564244810842041256e+00
1.585265961467710261e+00
1.521615741089877849e+00
1.518360005484686859e+00
1.527716828207684285e+00
1.551846260188991078e+00
1.518381743859022137e+00
1.548134315727103472e+00
1.594525115102784163e+00
1.558372665674258473e+00
1.531452111199370858e+00
1.523019741743038891e+00
1.544212939392807238e+00
1.572693324496603484e+00
1.532775453522674081e+00
1.480787856456560858e+00
1.493897240386049985e+00
1.502017819983327396e+00
1.496861914284209005e+00
1.489983552541488177e+00
1.464824573606507307e+00
1.441509490848606578e+00
1.463267956534002545e+00
1.462348789740831378e+00
1.467241950014717577e+00
1.421981358120584016e+00
1.427220883532467122e+00
1.409601227340535168e+00
1.416918955297551630e+00
1.379991714770977262e+00
1.430027172606215480e+00
1.399040697986244197e+00
1.410833347556937456e+00
1.415152708689371819e+00
1.391147121404990195e+00
1.370849200802990442e+00
1.389155707298181053e+00
1.373252046413910632e+00
1.369804355323824163e+00
1.381779917794415002e+00
1.387301539763426073e+00
1.380264524211231469e+00
1.365949544641706703e+00
