4.774661470264364738e+01
6.360382990047600060e+01
7.799548978537784194e+01
1.830073703960673370e+01
3.223234673691909791e+01
3.192320427056440124e+01
3.109258516694629293e+01
2.393052734241611290e+01
3.379772339392930292e+01
2.711156715963044306e+01
4.443291486280176628e+01
1.528612353321158679e+01
2.057047972254675017e+01
2.573104469223657631e+01
4.758949887074439289e+01
2.356844001647305475e+01
7.715725272717477878e+01
1.695836116225673251e+01
1.928169091438955007e+01
1.289790162644623983e+01
2.464850446348244972e+01
2.188686152543511554e+01
5.724895905759266412e+01
1.597649754418022461e+01
3.203137967014406939e+01
2.842578807334459512e+01
3.490815561813209200e+01
5.243104134966283425e+01
1.523713672413941822e+01
1.167395681104177640e+02
2.878044126550076953e+01
1.860876422038660039e+01
4.465167329228678739e+01
4.585022795169525267e+01
2.136675308738048074e+01
3.721690687245265394e+01
3.041622992330904651e+01
7.091649312641514769e+01
3.723520380267825658e+01
1.923512536739684364e+01
3.292775121930267090e+01
8.063294981434934527e+01
2.035553655815748542e+01
7.550147780144271792e+01
3.096012734701362845e+01
2.875659135063525440e+01
7.141298674353710396e+01
2.992811192593046243e+01
2.531461173483857863e+01
3.357697669422044129e+01
7.025346069551588357e+01
4.957258097056467960e+01
6.198916775461122342e+01
5.555893820578250342e+01
7.911979612478739909e+01
4.242530155121846036e+01
7.684180116300701968e+01
5.652086464861031345e+01
3.078361337371344320e+01
4.123359387219103667e+01
1.050016246526381138e+02
2.251618827555923374e+01
1.026473334686766066e+02
1.027428652024766507e+02
5.809656253642754820e+01
5.973515080177118364e+01
2.547032553756151430e+01
1.615702398364698524e+02
3.317580199004311936e+01
3.298722002414206145e+01
5.029039288844460742e+01
2.931190887562948433e+01
3.896825740366445956e+01
4.982109506162156976e+01
7.454507642943723056e+01
8.381794860997469243e+01
7.143927366457833728e+01
3.026590689836202586e+01
2.902837892483444548e+01
2.099253662014682931e+01
7.903007768779195885e+01
1.436232896501229561e+02
5.867532524937333704e+01
4.699285027947897930e+01
1.046427789800706449e+02
2.538848206670524377e+01
1.351597303275170248e+02
2.481379976263179188e+01
3.689987032396416566e+01
6.501961589759851279e+01
6.502879836970504357e+01
7.015452049235445031e+01
9.497377973959140718e+01
2.230197887154162402e+02
4.816556177964810104e+01
1.005747416146496818e+02
8.158604068135440457e+01
9.560311365810447626e+01
1.524780739891472194e+02
7.372785287039901903e+01
2.350594938296902683e+02
9.077010371770435881e+01
1.371245885232515320e+02
9.615243309602922750e+01
1.002968578132100816e+02
8.853550682503048108e+01
1.135186791559434454e+02
3.858488664466225515e+01
6.329347281107391154e+01
1.504957512958407051e+02
1.999185027305531435e+02
2.934983206058407177e+02
7.665706685438178170e+01
2.471995228174707506e+02
3.247565074070890319e+02
1.047986868942125511e+02
8.683780384256175466e+01
8.811195744366175120e+01
1.374125230003542413e+02
4.010853717363572457e+01
2.102202843955970835e+01
5.535934571831366924e+01
4.496676406566092510e+01
1.537345320681308181e+02
1.344856535640073787e+02
1.587369046253909630e+02
2.397490851449431659e+02
4.580726748197831739e+02
2.421225026017103232e+02
5.577667907893950172e+01
2.311081470060943843e+02
6.416288926701873834e+02
1.976943132672551542e+02
1.799128165826226393e+02
1.147051597094578739e+02
1.600702599203438297e+02
1.041650340217625654e+02
2.594088777854875616e+02
1.464477369065346011e+02
3.474766642070662215e+02
2.415369508972460437e+02
2.721362242190309075e+02
6.759182697550135117e+02
3.596543621291185673e+02
4.007485168481611026e+02
2.831368773813535427e+02
6.926586951129168028e+02
1.668837693515226306e+02
1.085579470805571702e+02
8.246438267819913790e+02
1.606755781415729984e+02
3.599677882546588989e+02
2.205039724689964089e+02
2.935316737924129029e+02
3.313919997892468814e+02
3.148576927066558824e+02
2.830401128533333690e+02
2.189981972165797117e+02
2.270430921539000622e+02
1.986756689297634750e+02
1.594698510534182105e+02
2.052668892587670939e+02
1.312050259156658001e+02
1.571910141810792823e+02
1.465925355896989402e+02
7.723433365876671530e+01
1.425242691331824005e+02
1.204283784876728163e+02
1.155904911274242153e+02
1.544550361263601417e+02
1.796813405600904900e+02
1.682575288592453262e+02
1.736530437028863787e+02
9.656620749474019760e+01
1.203632812714696882e+02
1.055451231623264476e+02
1.255332792273897411e+02
1.238788624767684468e+02
1.593264195050297189e+02
4.138745038927268070e+02
2.345161425514799589e+02
2.662573114554209610e+02
1.505758998498058929e+02
3.187981918673805808e+02
1.131062748046037001e+02
1.048151315200528870e+02
1.170058608799974280e+02
7.350399916566477998e+01
1.080373106161837597e+02
6.061108203836354136e+01
9.610639985612355929e+01
4.353934399050443460e+01
5.638462216736979826e+01
3.818523624843641784e+01
5.742392248480353345e+01
7.339639169133457131e+01
6.971150650455720665e+01
7.648651544534884295e+01
5.459521634927579470e+01
6.915305842624584898e+01
9.047078688938859159e+01
3.998053752222682533e+01
5.164736766926000655e+01
4.990405184159004648e+01
5.107973778462882564e+01
7.831803191298759259e+01
9.473004668256992034e+01
6.678164947129613438e+01
8.365083034703398823e+01
4.494018901478148109e+01
8.675221845381973651e+01
6.010253472742501657e+01
1.102126430551375620e+02
8.682584918989212497e+01
8.712469494243070756e+01
8.199526543690230085e+01
1.243442361126495257e+02
7.554577268925561384e+01
5.779452067889982203e+01
5.592427314535619587e+01
8.194978219404165998e+01
7.672814603459690375e+01
7.742512614518300040e+01
4.866135902197552099e+01
1.004881136271079214e+02
5.731587169920964442e+01
6.932308251135891908e+01
5.161404917540967574e+01
1.470302068752724551e+02
1.229130719464812671e+02
1.842839462310339798e+02
1.445474793068695760e+02
1.976842074624389056e+02
1.182302129078328221e+02
2.399347800965457793e+02
1.284965698172166810e+02
1.476196417140131132e+02
8.728408159435259961e+01
1.268480974998963262e+02
1.678290935540533724e+02
9.587769050712796570e+01
1.244119312599402605e+02
1.654863710038008833e+02
1.865540174823242410e+02
2.717507438217168669e+02
1.197698700988361367e+02
7.738465395812457359e+01
1.548233753270460227e+02
1.345809216944961690e+02
1.984335810038977570e+02
2.114211700966985177e+02
1.439262330036709443e+02
2.126360891084064804e+02
6.852396866045687318e+01
8.927611274660381468e+01
1.144486020689882935e+02
6.999829760477540219e+01
5.770814590852883441e+01
1.393979877845855242e+02
1.188184753398799813e+02
9.217700528385293524e+01
7.933502153539372159e+01
6.349007124820739989e+01
1.248145293234059920e+02
1.094504695651407644e+02
1.443786795458887866e+02
4.754532088882886143e+01
7.832918527862129565e+01
5.393713127558295639e+01
5.119379233210808167e+01
9.514493714440659744e+01
8.849706088777391244e+01
8.123502988193716590e+01
6.951323702514004310e+01
6.181900538830903713e+01
1.098964087207182843e+02
1.437789059719850684e+02
7.277236207860380546e+01
1.478897028996377117e+02
8.542458187874170505e+01
9.303498494002795383e+01
5.075555454490744722e+01
8.970564127867997684e+01
9.659105210814821874e+01
7.456352987296176593e+01
9.508214045869075903e+01
1.209000436354037902e+02
7.027732914530729147e+01
1.313413906856489461e+02
2.013001238128923092e+02
6.073298253208110253e+01
1.663745038402382761e+02
8.651581176887999902e+01
1.099481075455050387e+02
1.737677177504317001e+02
1.136063408368933665e+02
9.600589145587875350e+01
8.979334836384796859e+01
3.070699330214820861e+02
7.284297785702929673e+01
1.904076571322591178e+02
3.055928613427966525e+02
1.259162721535215468e+02
1.329120441558712571e+02
1.007566981013507927e+02
1.054509664147878141e+02
2.558589801523398251e+02
1.550315077945874123e+02
1.101682042458351134e+02
1.020984847657170036e+02
1.058031091485981676e+02
1.140963512400894331e+02
6.871445257073317237e+01
6.553457604947550408e+01
8.525429820180657714e+01
8.770369199198751176e+01
1.539006014441378341e+02
1.616632762165406803e+02
1.516527926292946518e+02
9.519892826524690577e+01
9.406876466857005425e+01
9.834175898153665685e+01
7.795583607996036335e+01
9.822284074352235450e+01
2.494838129815234140e+02
1.259330902486023973e+02
1.183662357120127382e+02
1.939972181011108034e+02
9.900042612389108854e+01
1.716441671954948731e+02
1.721196475440893323e+02
8.199496087786759801e+01
1.064213639646307143e+02
1.081670174145342713e+02
1.317368602521594880e+02
9.298401444652544967e+01
1.046896239452559456e+02
8.773257488699928786e+01
1.111250990385005650e+02
2.176526470487513620e+02
1.149104864206161238e+02
1.435316343712377716e+02
2.485796303584953364e+02
1.338781802336874023e+02
1.067122949567648647e+02
1.156071200054883263e+02
9.056138454358438139e+01
1.730993324635595343e+02
1.222106188282010635e+02
8.964337204420043292e+01
1.454258108766230464e+02
1.078133319906007017e+02
1.236879674343398818e+02
1.913387264185796539e+02
1.402867461777997562e+02
3.248673286006630292e+02
1.400618401454730133e+02
1.408667714358120122e+02
1.688554182423210932e+02
9.263136804219736575e+01
1.815283007697557593e+02
1.440904985466816868e+02
1.813655402942634964e+02
1.348695370027371894e+02
1.055738108096169299e+02
1.205876893996238266e+02
1.030175361831850012e+02
2.502341886032589571e+02
1.741560623951681634e+02
1.073466346982576738e+02
1.257670330055501324e+02
1.240231430657206886e+02
3.297577430035667589e+02
3.088082623960759747e+02
1.799557539496538539e+02
2.338371019570039664e+02
4.004640915892160820e+02
6.985520090411386036e+02
3.429645265186640586e+02
4.393546455740985834e+02
4.168901861239155551e+02
4.576984706442314632e+02
4.699585279627344221e+02
2.218422098725866931e+02
3.162110126225069280e+02
2.741989491885081520e+02
8.100921992018095352e+02
7.832925839689780787e+02
3.732969109761981485e+02
3.470201982986952771e+02
5.238056583016451668e+02
3.616122703601261605e+02
2.999699563412770544e+02
2.435719778916056271e+02
2.985638787806378218e+02
6.953870151383642906e+02
1.003136175261566450e+03
5.026469452184626334e+02
3.559791810239777874e+02
2.186265445637714322e+02
1.962328936466442997e+02
2.330516834298070137e+02
1.322652506972852677e+02
9.913641187864209314e+01
1.150459541741107898e+02
1.211179279279184726e+02
1.322708196184902647e+02
9.498492921251495602e+01
7.741470049026486322e+01
8.299617533816173420e+01
6.457167817300074830e+01
1.083601981794938496e+02
1.152610560361496823e+02
7.797347862617705516e+01
1.051932291766858611e+02
4.564404630615083391e+01
1.060535633416533443e+02
1.213556726757214932e+02
7.154322563594236328e+01
9.197454700550652262e+01
1.329849788346749619e+02
1.831887926431811024e+02
1.723900800456802642e+02
3.061166365984158801e+02
2.269802999725053496e+02
4.291903534281407246e+02
5.108166061767108772e+02
4.042731841031671252e+02
4.960539005706060038e+02
7.473306819627939603e+02
5.811728340510737780e+02
8.432693039238849906e+02
9.208399944164318640e+02
5.335751647429846116e+02
4.101671892942231352e+02
2.103612729105487915e+02
4.450157967127746588e+02
5.125606459594480384e+02
3.703121906902467799e+02
5.299360463214200081e+02
1.208646076850978716e+03
4.048449446948720833e+02
5.770636700789334554e+02
8.942719840677276579e+02
3.593104304431439004e+02
4.669746184547755092e+02
4.827326657852882477e+02
9.335866060042754953e+02
7.750022426147280612e+02
6.406607468641828973e+02
3.377029099049995580e+02
7.344059052842308120e+02
2.790053588249791687e+02
1.604715101495249314e+02
1.536601925361078429e+02
1.607734506595390656e+02
1.157585781495403978e+02
1.294651065706596285e+02
1.477392336773635293e+02
1.696430784016460223e+02
1.305763419185003613e+02
1.389856457455940131e+02
1.929090807010164497e+02
1.639460731464849914e+02
1.135159596695620792e+02
1.425693610438204928e+02
2.062846306639117415e+02
1.967132005809110922e+02
2.545162180361423907e+02
1.560855075768685083e+02
2.742091130097530822e+02
1.950022442344866533e+02
1.920305571665783759e+02
3.269145547744187752e+02
2.214077910802276961e+02
1.753614569622407373e+02
1.443293323007979438e+02
4.617836146613008168e+02
2.393847402237730932e+02
2.608518164581997780e+02
3.364849019597077699e+02
3.854142112228061592e+02
2.711144926026485109e+02
4.198297872340243089e+02
4.388772009568444332e+02
1.872314351614500083e+02
2.284647080095401179e+02
5.084334460311909538e+02
2.488529440983196253e+02
3.395656215591887985e+02
2.378614901079234016e+02
2.961146423476847644e+02
5.541846381421196384e+02
7.852861779439641623e+02
2.412196098673340998e+02
3.016664466538597935e+02
3.586499997172458052e+02
3.751493012828982501e+02
3.626471854626985305e+02
1.991915574338526653e+02
4.809356942707087228e+02
2.150446809244897679e+02
1.955251042170493179e+02
2.497238747722869618e+02
1.487300316843047199e+02
2.154543479321745849e+02
1.296077767372473204e+02
4.036751725710149685e+02
1.425845654169185366e+02
1.952987883940871257e+02
1.474271148820476753e+02
2.242783152584066499e+02
2.692270348792420691e+02
5.317987706920164328e+02
3.767151634458232934e+02
3.058851971246064068e+02
6.307935771763251296e+02
3.085677263553611738e+02
5.161917065201744208e+02
6.604352569128022878e+02
3.135521515117303579e+02
3.905828430253875467e+02
4.523851224888502998e+02
6.534313375457185202e+02
5.022683706846388532e+02
4.735572787091409737e+02
4.964709469242913542e+02
6.475780421696016447e+02
2.889324363294522300e+02
5.163355230224541401e+02
3.855329829156913206e+02
3.933428376230294248e+02
4.086716129078231461e+02
2.108563020710322462e+02
2.416893259164316419e+02
3.718535991011089550e+02
3.828756448659561897e+02
2.090561688811622503e+02
2.458112170729976356e+02
2.307817114010640296e+02
1.818340934285506876e+02
2.147205838485392064e+02
2.228705123921797338e+02
3.428546008008615900e+02
1.258185131955099507e+02
2.382500567605337949e+02
1.750660164779446291e+02
9.760217324573690689e+01
1.433454576321089462e+02
2.226153400535025355e+02
9.784230585729645213e+01
1.769580897222290901e+02
3.439334557987558583e+02
1.189521234877385467e+02
1.148828728452439236e+02
3.042256914147826592e+02
1.861512461313401161e+02
8.711838282125022204e+01
1.285078243313436701e+02
1.431416670748229762e+02
2.150153653393573734e+02
8.922549533285840084e+01
1.496000563379954826e+02
1.598788201834823894e+02
8.214180879709594763e+01
1.358494656104317073e+02
1.856670280443200056e+02
2.103845588936838737e+02
1.078089054174640466e+02
9.975953915807966155e+01
1.784750720776805792e+02
1.541895998476812508e+02
1.809533037941389466e+02
1.951002192312593593e+02
1.135003759426988950e+02
8.582009807471965246e+01
1.151912485300534854e+02
1.322684729000984589e+02
2.402792664447663356e+02
1.867067878012663016e+02
1.005349988307388571e+02
1.100495044193515497e+02
1.791215521965969515e+02
1.493507793259094285e+02
1.542784658149809047e+02
1.341260435895746639e+02
2.471181163865566646e+02
3.110567265436332036e+02
2.915392128269659793e+02
2.903142589551645756e+02
2.657355464507633656e+02
4.697832793707173664e+02
9.886331015061660992e+02
7.568702692258134448e+02
4.699726710301364960e+02
9.287950068113907491e+02
7.563729386601012266e+02
6.996696458380823742e+02
7.162985024668317919e+02
6.845273684957321620e+02
5.143232717622894370e+02
7.947288965550320654e+02
6.875267858094965732e+02
6.257229047780003839e+02
1.080651073951814396e+03
1.023381134962094734e+03
5.549736297257818478e+02
6.143190973954783658e+02
4.964201871750457826e+02
3.713438771155375093e+02
4.435808144101994799e+02
9.051827872986165175e+02
2.889153447457548509e+02
6.220484445824099566e+02
5.637861629203193843e+02
5.479293771466301450e+02
6.483527265146848322e+02
9.560205894400622810e+02
8.518094220896362003e+02
6.865915574519565325e+02
5.562637422078843201e+02
4.019715707739099457e+02
4.205339936851083280e+02
5.235529880728847729e+02
4.369637659534913041e+02
3.050947578340462769e+02
3.420122542970910899e+02
2.901299229992023356e+02
2.579629647828211887e+02
3.352284761138658951e+02
2.298361310322813154e+02
2.562285956341621045e+02
2.126634119348470620e+02
2.019559344535438470e+02
2.826932431866498519e+02
2.609498468228813977e+02
2.429832739219896780e+02
2.242334762162522850e+02
3.842806480968569645e+02
2.951172682936855267e+02
3.306717059701409767e+02
5.463042220171013241e+02
3.570856350294404820e+02
4.027424552900060917e+02
3.367448169967573222e+02
3.720741395940383995e+02
2.354729412657427758e+02
4.596586027198453053e+02
4.616930234241111179e+02
7.653450989266425495e+02
6.368350104449842775e+02
1.180666979894208680e+03
8.557219375632944320e+02
1.119799947358716963e+03
5.898995801215592110e+02
9.567634689779085875e+02
1.475572194741854673e+03
1.453555890866621439e+03
1.073121331420138404e+03
1.440336618606360389e+03
1.254537761323699669e+03
4.857088472810672783e+02
5.168293289856673027e+02
5.308722685739295457e+02
6.543587174407294924e+02
6.742277578021706859e+02
6.561021389606028151e+02
4.763164892105568242e+02
4.696136484576314274e+02
7.602329353933454286e+02
1.259612005656283827e+03
9.568623165293374768e+02
8.659756189158960069e+02
1.182928127284577613e+03
1.243137996442939539e+03
1.036155079341306191e+03
7.418662827556051980e+02
4.197526080804105391e+02
3.145948563699612350e+02
4.011557307829153842e+02
4.022341499274068610e+02
3.894066887188492387e+02
3.246998760818993901e+02
4.966435995225844522e+02
4.035877442826823085e+02
2.972030678356986186e+02
3.680111412863814166e+02
4.859339278639631630e+02
8.902652509305279409e+02
1.223540372672158128e+03
1.277812015846938721e+03
9.399929399609682150e+02
1.049853659470163166e+03
5.867935798985159863e+02
5.413253583803278843e+02
6.977029671327097731e+02
6.674308436353103389e+02
5.040294198129528240e+02
6.959100312557056895e+02
6.740221421221485798e+02
5.327374787222112218e+02
1.493791184739356140e+03
4.833526326442308800e+02
3.611229444279125573e+02
3.368833844668098436e+02
1.090646549068900413e+03
1.424790443285241508e+03
6.219418831463316337e+02
1.059101751982884480e+03
4.915134807685819851e+02
3.414472248477329117e+02
5.901285006161959927e+02
3.882731310567136802e+02
4.188103219595079736e+02
2.321476113302539090e+02
3.820319270788117478e+02
3.065428608810938726e+02
2.595606798535868052e+02
2.470448607838583825e+02
2.395209241503635269e+02
2.716931009336644820e+02
3.231691707019904811e+02
2.774287327929599769e+02
3.744243242103738680e+02
2.086013405881151357e+02
2.407890085022302742e+02
1.929265929512713171e+02
1.998272494600353753e+02
2.314153926520404525e+02
1.612419577282426246e+02
1.576654416313349714e+02
2.008401315649260823e+02
1.689503855785549149e+02
1.673463866898439960e+02
1.844690517875755233e+02
1.896492910649294856e+02
1.135479009658394034e+02
1.102316317831605090e+02
9.599468197159484362e+01
1.623432352074487142e+02
1.211572481705170361e+02
9.754659477160004144e+01
7.490613893673555879e+01
1.186614998911999805e+02
1.223213521555138072e+02
9.436291916225492571e+01
6.462008747464717828e+01
8.596877173489062329e+01
9.211121102596204935e+01
9.403992544521850050e+01
1.029694732512175506e+02
6.350443444520721670e+01
9.210387146168814354e+01
7.581800678658444781e+01
8.543613908418133462e+01
8.837075692863388099e+01
4.876072212849790333e+01
8.683182069803594061e+01
6.120075247890454762e+01
5.976767540562019576e+01
4.732624986680279733e+01
6.461014740384247546e+01
6.834068748469211130e+01
6.794780706178826790e+01
5.934456117372413075e+01
4.796064577071307866e+01
7.273193252877204884e+01
6.847828193741452196e+01
6.796854726333486951e+01
6.976797562255300988e+01
5.091586541217782980e+01
7.038164336324946646e+01
5.337591026316850673e+01
9.247450896021598510e+01
5.019941683987052983e+01
5.046596398233898384e+01
5.819986102901433611e+01
8.678395997813440488e+01
9.511562869270099441e+01
5.720402059280527851e+01
8.727192191783976227e+01
8.584773964040918770e+01
1.042740687642237987e+02
9.554365868827200359e+01
1.067490168609986796e+02
7.682705940921417209e+01
7.408956379556339300e+01
8.155572176101128434e+01
8.122219826392563391e+01
1.092582541193110330e+02
1.202423067660874381e+02
1.359920287794240892e+02
1.313134308486269504e+02
1.310202650638938451e+02
1.374661443400212306e+02
2.015286595368373526e+02
1.905693430363413086e+02
2.738030858134744108e+02
2.773646694470888860e+02
2.237254589822890409e+02
2.297862445857190323e+02
2.824498252655117199e+02
3.700296322328418341e+02
3.278541939011449813e+02
3.079179206558657711e+02
2.151653723829755336e+02
4.915807080861516738e+02
2.033631120931621012e+02
3.332971193393370868e+02
2.804708682376349884e+02
2.962976632288531391e+02
2.393303398707226108e+02
1.737061881980740168e+02
2.105546914440321871e+02
1.643096929520178264e+02
2.997092176486367521e+02
1.997051934453470494e+02
2.464165165220449580e+02
2.042370882128746530e+02
2.317435618998222822e+02
1.782921990583272986e+02
1.921375949182542797e+02
2.392273216304790253e+02
2.491786401173373520e+02
2.735812700255499976e+02
2.563521880086851752e+02
2.845600747676738251e+02
1.959247884702291742e+02
2.087025737445033258e+02
2.592936080678054509e+02
2.662182453491790852e+02
2.706045463523949479e+02
4.844304919710381228e+02
3.434357826767160304e+02
2.179329821090111636e+02
2.546418153736889565e+02
2.442085114861166062e+02
1.946716813986042212e+02
2.016039146766973431e+02
2.520185785722839000e+02
1.821589995310721406e+02
2.596310686219811714e+02
1.203381910083279678e+02
9.964068948460153763e+01
1.178637388944978568e+02
2.388694917390000398e+02
1.259855205920155043e+02
1.217756497577038459e+02
2.103989979396144747e+02
8.433434926345711347e+01
1.464853516391583810e+02
8.701604982738680860e+01
9.524669806201947608e+01
9.098768011443894466e+01
1.225972857651357373e+02
1.481324611274110623e+02
1.232669777123340680e+02
1.211429653604604084e+02
5.309170081063210489e+01
1.437368264643271232e+02
1.552083450474906101e+02
1.224435410938466617e+02
7.706589527854852406e+01
7.032216700641492935e+01
8.399250769736130451e+01
6.391386041991983546e+01
1.013139781331256870e+02
9.410906798084954517e+01
8.534863000991396120e+01
6.699400833771056796e+01
1.443066911515344941e+02
9.537104814738187031e+01
9.265415252708920946e+01
6.955954754672615081e+01
1.310362194368234157e+02
1.520498506848362013e+02
1.273918661619102011e+02
9.354664272721137763e+01
6.683509912101798989e+01
4.800390292080250987e+01
1.232322690567526990e+02
8.616058793862293896e+01
8.127951245044845052e+01
7.523758558246838390e+01
9.439199253068575501e+01
7.378559719502577252e+01
6.737243662282357093e+01
1.115604751488843078e+02
1.796016139832595968e+02
4.957462816769777447e+01
5.951424777416770695e+01
6.218330231443543710e+01
7.285189323427992747e+01
8.656384125842076571e+01
1.063853023852217348e+02
1.311846712974147522e+02
6.277794122633724783e+01
1.032765403302476273e+02
6.661940631774137955e+01
6.667038261642413488e+01
4.972587281366138257e+01
9.797830333343377163e+01
5.932428787749991272e+01
6.449911307511976588e+01
5.807678489320944948e+01
8.388474198064662346e+01
8.035172094748750737e+01
1.294454410213316748e+02
1.322512426587356629e+02
8.759500127896403399e+01
7.519692947771417835e+01
1.129853094373004296e+02
6.817052391793438915e+01
5.881995956464289321e+01
4.905763667511612880e+01
5.905202555651493412e+01
7.459583585744263701e+01
6.949102979655849310e+01
7.657394551352324186e+01
1.229949174000211656e+02
1.233186426791361896e+02
8.852243580535505885e+01
1.318943269972546659e+02
7.238419595572436549e+01
7.518349628038035348e+01
5.135531102539258796e+01
8.851483217094437350e+01
7.081324274538621921e+01
1.309917469221099680e+02
1.244554911262157333e+02
6.488506897422611530e+01
8.420392029472846218e+01
1.239428300678594042e+02
1.421484964779464519e+02
5.874430668563838509e+01
6.235194360337130348e+01
5.537113556255562941e+01
4.925149746292228770e+01
1.002596283961703989e+02
8.407526210562798497e+01
1.395775402259534417e+02
7.468796546058649710e+01
5.943745695834247300e+01
6.734819048034714228e+01
8.320293389304487164e+01
7.120116518069548306e+01
8.324704317648128438e+01
1.089107871913552970e+02
1.521914139949813887e+02
7.563077198698648829e+01
1.255202725473557166e+02
7.669808220271174548e+01
6.851185345636045554e+01
8.832734596542175609e+01
1.424775221053237999e+02
7.794272710476280963e+01
7.372143054645384552e+01
1.153881462734541117e+02
1.193551916768244183e+02
9.578042125285691100e+01
6.182628792758745107e+01
8.490191224486376598e+01
6.713059156645789471e+01
9.226411619127826214e+01
2.350461532879672859e+02
7.864665588317731704e+01
9.691038163234135538e+01
1.167702708919439800e+02
1.380009287816894528e+02
6.014417937369279343e+01
1.324348231587704561e+02
4.600241528820636461e+01
6.145773839655564075e+01
6.848704326358316052e+01
1.629401342183665236e+02
1.012924895682561157e+02
1.017978677604185549e+02
2.008961774692453446e+02
8.105639320829347128e+01
7.465270774463702708e+01
1.255339597231968156e+02
1.147988037522087410e+02
6.007056843328120266e+01
2.134850530894675273e+02
1.354472393756264239e+02
7.109794264641253392e+01
6.440700586136125594e+01
9.735474772973587676e+01
2.107779288367648292e+02
1.674097517797124226e+02
7.829379301670853408e+01
8.919978426851405118e+01
2.236398251271741628e+02
1.033148989776252193e+02
8.794030891761822488e+01
1.584113272116447035e+02
2.194185665297014225e+02
7.898423786417622239e+01
9.091195957250744186e+01
7.387663877589199046e+01
1.247766399845502860e+02
1.010887079389455039e+02
8.404430932057277914e+01
7.349469533177317260e+01
1.637175417220428528e+02
1.138629594193768355e+02
1.506952900829687678e+02
9.798133731917319267e+01
7.879047084398948186e+01
8.991071873456090202e+01
9.755935046497400265e+01
1.692590203236122193e+02
1.648234321677890080e+02
8.302657229155548180e+01
1.453431956769709359e+02
3.219885062381379726e+02
1.217768785978431225e+02
8.941689555880913076e+01
8.594864600022268064e+01
1.404025956504071360e+02
9.419811592350750118e+01
1.667800550589832937e+02
2.327790593381256201e+02
2.225797192650936154e+02
1.190723191259861267e+02
2.680641912035258656e+02
1.710808781292559502e+02
1.634462918519100185e+02
1.177025821424326182e+02
3.441037004590329502e+02
1.188377386231999253e+02
1.337792711264313255e+02
1.412837571664821041e+02
1.091490092186901109e+02
9.442007269108289336e+01
3.370257769449508487e+02
1.188298454254263135e+02
3.018047751291203440e+02
1.218520068171807651e+02
1.027853193241308389e+02
1.557850505165018831e+02
1.385610340129637166e+02
1.044025944508438357e+02
1.458002082297368531e+02
9.115629322566655901e+01
1.124616300359147658e+02
1.054917230767380971e+02
9.456626631543666406e+01
1.029678284701938082e+02
5.714481289727594913e+02
1.203970510846553879e+02
1.026977420039012969e+02
2.202250419071517626e+02
1.360727013181404459e+02
2.678053141708743397e+02
1.645508996194304245e+02
1.490720627383877854e+02
1.402779766232403915e+02
1.697634357699663497e+02
1.756139359714274519e+02
1.665625847339318852e+02
1.107022849619148985e+02
1.472064082777963847e+02
1.251736098447985768e+02
9.492139448239251465e+01
1.230087685679363574e+02
9.155698704689653766e+01
1.322492661709514721e+02
1.945084740109165580e+02
1.237495612287807774e+02
9.876368886299474070e+01
2.105742823667866617e+02
1.401909482423448026e+02
1.300526277665779560e+02
1.496762025974940968e+02
1.184967809279640392e+02
1.412539378272893771e+02
1.504810604059613581e+02
1.570544249842214697e+02
1.527379514661370763e+02
9.277607149124619923e+01
1.014228339179588119e+02
1.261849385853739562e+02
1.231478342239730210e+02
9.977619207422490888e+01
1.148688961801454411e+02
1.388581746838736422e+02
9.044271676015833350e+01
2.553331554196823845e+02
1.112148978166794677e+02
1.362582714585934127e+02
1.281918798429288699e+02
1.764989166368789313e+02
1.186663639427816577e+02
1.167145724938377640e+02
6.954864943491773488e+01
1.467223958542860487e+02
7.867785142532345333e+01
1.393728396604555826e+02
1.018715668464235478e+02
3.173475571633229038e+02
1.365104255150050108e+02
1.843976595023379161e+02
1.301189137248576912e+02
1.945200628234921112e+02
1.082971367422836693e+02
1.439928462220230188e+02
9.763160590742113243e+01
1.278619627026582037e+02
8.508373916841672724e+01
1.314188031216247055e+02
1.711427806841657855e+02
1.830714796131734943e+02
9.565056127221110671e+01
1.782653029508699944e+02
9.179684178975604425e+01
1.211458683136024774e+02
2.054984740264279992e+02
1.866042490963926923e+02
1.152214276110308191e+02
1.040690657259684286e+02
1.029361136816685871e+02
1.403174714410825175e+02
9.762767421902400145e+01
8.850593158858814036e+01
1.560008487710665008e+02
2.177904630273398539e+02
1.048186886405942744e+02
1.327375247330801074e+02
1.924107228548425326e+02
1.851876550221319633e+02
1.779439596935523298e+02
1.160943957331757304e+02
1.094913768885656680e+02
1.286407643556034657e+02
1.926583098154030438e+02
8.976650103571107309e+01
2.955094418874355142e+02
1.505953891803486897e+02
9.199910253288730644e+01
9.719472989873230517e+01
1.134658388151743509e+02
9.029340308105867052e+01
1.083720743131754318e+02
8.520958329607537962e+01
2.030610584898969648e+02
8.520848377559886444e+01
4.378900529539967579e+02
8.384270724689616827e+01
2.186139378880939717e+02
8.355299223966731859e+01
2.058312646750896704e+02
1.411320477091417729e+02
8.578011264511958700e+01
1.509083348362186712e+02
1.069635769610236764e+02
2.505042449226750421e+02
1.389475121977254162e+02
1.716187627294887932e+02
1.661893093314056671e+02
1.349766777291557389e+02
2.731873170365231545e+02
1.381919396781977127e+02
8.447140628090564007e+01
9.639605559984073579e+01
3.779509794982880635e+02
1.342252661922371146e+02
1.076132628811045464e+02
3.610131463738064213e+02
1.064881824676363919e+02
1.980689693915315672e+02
1.698594441689349424e+02
1.334077035686966326e+02
1.495885856860715251e+02
9.624718755954289406e+01
8.120630875322382281e+01
1.175166465224255177e+02
2.021526802520207582e+02
2.432867371193410975e+02
7.877644137043391481e+01
1.758029101649264021e+02
1.599828454156994724e+02
1.390684639823101065e+02
9.600928191305661130e+01
9.013841745864570498e+01
2.356787005146384502e+02
1.060151753165121278e+02
9.944482829374108235e+01
2.313195628943299198e+02
1.950043966293910103e+02
1.282665049955598136e+02
1.661204540050440528e+02
1.971242336194164579e+02
2.597202765652676817e+02
1.167558039070025160e+02
3.744247569857282656e+02
1.144819115722844458e+02
1.103342307154474753e+02
1.427981412491770641e+02
2.082049134573684341e+02
1.319477016900630133e+02
1.894559870655762950e+02
2.191120782845628412e+02
1.963419227350930498e+02
1.499777071693882249e+02
1.223598690224377634e+02
1.248831206694571279e+02
1.711627926548360676e+02
1.111948144392024886e+02
1.036503686380075777e+02
1.285913463702216575e+02
1.918822089454856439e+02
2.790279519836697659e+02
1.467675380096987965e+02
1.134225516524555104e+02
9.501835619126362076e+01
1.827288787597578619e+02
9.077365689130962778e+01
1.465698530750008786e+02
1.053852806440695105e+02
1.115033750743008483e+02
1.263138407668433274e+02
1.177367436832986414e+02
9.668266418421276853e+01
1.140675889153523173e+02
1.381011541947467833e+02
1.553996818871201526e+02
1.853918269281477080e+02
1.449439269080372981e+02
8.647691081407732838e+01
2.378104790215725473e+02
1.198297532345168150e+02
1.619313332671006549e+02
1.908889324701817429e+02
3.040817992050574503e+02
2.200397679316475319e+02
2.462986267464168861e+02
2.040910479371059125e+02
1.666861100074474109e+02
1.960552074463037115e+02
2.341516958171390002e+02
1.342116062537857601e+02
3.913098626615118860e+02
1.964784422760135101e+02
4.337130708008576789e+02
1.617345448438443327e+02
5.125599849736394162e+02
1.173671933374674694e+02
1.513632731194061023e+02
1.883780888451163946e+02
1.251369898310404523e+02
1.312453201790553976e+02
3.338092814766475840e+02
1.198401607499625925e+02
1.346475812310109745e+02
1.985016765598824406e+02
1.827701854348389645e+02
1.816981252806955069e+02
1.379185430294909338e+02
1.805726659611401317e+02
1.689486301129059314e+02
1.814890867873417619e+02
2.000472972998051375e+02
3.275776070572221670e+02
1.342311806838732764e+02
2.313402244563494889e+02
1.075498580114187774e+02
1.462783001000961463e+02
1.457577143262206789e+02
1.841268571299698635e+02
6.145049819372313777e+02
4.760639680946604813e+02
1.686906717685104979e+02
1.296642129322247854e+02
3.299308125123995410e+02
1.948071676466744577e+02
1.872473534682216609e+02
1.178353444591127044e+02
2.939189643834038748e+02
2.816275672965148829e+02
2.000573894184387029e+02
2.910556226879473343e+02
2.499194051786284376e+02
2.032252347291980641e+02
1.578557367449764683e+02
1.971260065845422389e+02
4.297310215840720957e+02
2.117319418851838293e+02
1.719400037284802636e+02
1.657697819420875476e+02
2.355123065233337911e+02
3.582555464584196443e+02
2.814612526765703251e+02
4.229452967258736180e+02
1.794455636893382859e+02
4.213585081164924304e+02
2.636139090504736373e+02
2.985930395748095521e+02
2.350611941687509159e+02
4.175354477535328783e+02
3.615440700398669946e+02
3.292862035462348445e+02
4.969858559394584177e+02
7.122971983161246499e+02
3.135451871837125282e+02
7.013044109804421851e+02
5.806371712378569327e+02
4.885331988280364612e+02
6.888381406661085293e+02
4.062444809422335652e+02
4.902879698986864696e+02
4.022795972024457569e+02
4.455822955366581368e+02
7.114217114952940619e+02
6.204527660586031743e+02
4.388599096487961901e+02
3.941475166569190947e+02
8.262389751870290411e+02
3.444910442391031893e+02
4.896080867129690546e+02
9.001308185231766856e+02
5.791139781832806648e+02
8.195228108090195747e+02
1.171157824119682800e+03
3.122756839180324278e+02
3.960526765815008616e+02
2.990445260355469372e+02
3.373084073247497940e+02
7.449695399039596850e+02
4.277012243478527580e+02
6.003041605977973632e+02
5.059987795626299771e+02
4.306087763508489843e+02
6.966337478291203524e+02
4.813895278816641508e+02
2.870193595973338461e+02
3.792353221226644564e+02
1.045633743351493194e+03
2.831026835036404350e+02
4.239266680267874676e+02
3.001048417382968978e+02
3.485920328313191590e+02
3.630045647355083247e+02
4.756625475698327250e+02
2.054217657401022166e+02
2.447478562598746237e+02
4.646053725400851135e+02
2.417139791046885762e+02
3.667099564397003064e+02
3.044122442407420408e+02
5.840290028203227166e+02
6.366204287183438737e+02
4.092678452296328260e+02
3.895932902004437324e+02
5.201721579105829960e+02
3.476643011919859418e+02
4.053510230052898464e+02
2.279396819413836681e+02
3.001341406811757793e+02
7.244739823063193853e+02
3.706743465267132933e+02
5.002896339302171782e+02
5.081095484202250532e+02
3.045097860513218961e+02
3.325993886949976286e+02
4.477018755237945129e+02
6.243356941156030189e+02
3.313141718518376706e+02
7.307331168489699849e+02
4.223941009153744517e+02
4.393554962106353514e+02
2.935605716526289939e+02
5.323745755494519472e+02
3.233286662506361608e+02
2.698678606246784284e+02
6.372888440887311390e+02
3.678268542704715287e+02
7.040116214733402558e+02
3.418777828852620928e+02
3.688154123868660577e+02
3.102151134689042351e+02
2.911159280805703702e+02
7.527480197903064436e+02
3.754387905133948493e+02
5.436914116583084251e+02
3.030982427191036663e+02
5.500959549185738524e+02
4.587028616907866194e+02
3.199791838918235953e+02
4.035329927570407449e+02
4.030478160028795287e+02
5.765692013370219229e+02
3.630280581895426621e+02
3.193908816036579879e+02
5.645151417925848136e+02
5.854447422448024554e+02
4.909841421813403599e+02
3.368696109043737010e+02
3.345320594602118263e+02
3.855718099534828411e+02
4.557599215954504075e+02
4.322846320812780618e+02
3.320492442387610481e+02
3.390876208609664104e+02
3.228850612800362114e+02
2.891854209707163363e+02
4.089405264452967117e+02
3.735479743388935958e+02
3.243302361972052950e+02
5.641900739029113083e+02
3.841476085202735931e+02
3.099149266454865028e+02
3.677499578775931468e+02
5.309566848697478463e+02
2.431244802334571773e+02
4.727575295426736943e+02
1.165647426550496675e+03
3.394806292224936328e+02
3.973897467760041877e+02
7.243535607454753062e+02
8.928966297397219023e+02
6.579326825098144127e+02
6.757537497720863939e+02
2.801158202265607997e+02
3.933198167428698753e+02
3.884205407885768295e+02
5.595150223133327927e+02
4.358572759104586112e+02
4.784378118516633549e+02
5.452306990441361449e+02
3.947951437751406729e+02
3.652640021824898895e+02
7.052867766231340738e+02
3.665142088282971713e+02
4.094739975398620118e+02
2.867451540434037724e+02
4.787406872667902462e+02
3.839760706233385008e+02
2.108186483091497223e+02
3.180617880909730388e+02
3.946912755997045679e+02
2.030825402278125864e+02
2.587458791618244618e+02
4.613224238667367558e+02
2.817550920485132906e+02
2.299813451105678155e+02
3.656474553611707279e+02
3.845723534524589127e+02
3.468772308347990361e+02
3.580977201384352497e+02
2.745927662935185367e+02
2.755933432069776927e+02
2.383315167332048645e+02
4.922150847421578419e+02
3.366538800861337108e+02
4.512130239088050985e+02
2.908200962079786223e+02
3.460270749850575953e+02
2.084483998304410761e+02
4.331103649082551215e+02
2.758721117453462170e+02
2.402998527688026797e+02
9.748656811587865150e+02
3.141725514732941065e+02
2.888866805611671680e+02
3.089209369518917470e+02
2.298985702826904003e+02
4.364437973213470059e+02
2.727000944251808505e+02
2.558129230624841739e+02
4.429181338647870234e+02
3.975693781263636879e+02
2.070514710657511159e+02
4.748718872280664982e+02
3.166799008852198085e+02
2.011918444376708521e+02
2.858403752795085211e+02
4.169049907232567307e+02
2.699885211088678147e+02
2.973749196806717805e+02
4.872886315652055487e+02
3.268979145112609785e+02
2.669996268531675696e+02
5.087419710395324159e+02
3.801861402612638017e+02
3.146061941687169110e+02
4.441557889124571830e+02
4.137370705813382301e+02
2.835221984143664145e+02
5.437999061194879005e+02
4.104256148133303554e+02
6.399421702119229849e+02
3.146277011371508934e+02
3.492206613795000294e+02
2.608225036957450698e+02
4.536671922729294693e+02
4.716942833354495974e+02
3.673389858696615988e+02
2.339414645404054909e+02
2.866710005755622319e+02
3.744183331701676138e+02
3.324710813614583458e+02
5.007986289885740234e+02
6.567656954855166305e+02
3.864231018009178342e+02
4.233676111389651169e+02
5.300925712215621388e+02
3.537549756406339725e+02
5.258639729649785295e+02
3.572651717453812239e+02
4.441655946920951692e+02
3.417525661587522450e+02
3.813516282664984374e+02
3.513905796799139125e+02
4.152045928936166206e+02
3.443211923593034953e+02
3.846590871563476526e+02
3.290826303360883003e+02
4.426393391195523463e+02
4.467344740859535932e+02
8.352711170872204320e+02
4.431874276382309858e+02
6.286755671635830822e+02
2.984210694721829782e+02
2.595707448316134673e+02
4.158877113684155802e+02
4.253303162594149853e+02
8.221248665984506943e+02
6.202039682220809027e+02
5.835942121546023600e+02
6.120209689980385974e+02
4.097006036038046091e+02
4.130971910183335467e+02
7.595092499148564684e+02
4.373110806273127764e+02
7.888754663591259941e+02
6.921514836871123180e+02
3.088395461949511400e+02
2.556247466937282411e+02
6.527044733472005191e+02
3.154143870757330319e+02
1.062971460188422952e+03
4.396327150228783580e+02
4.493588904953293763e+02
5.180657473654832756e+02
3.466643947819158598e+02
3.292367868885473854e+02
1.033546852420345886e+03
4.771474653476462890e+02
7.168802762106652153e+02
4.958582034514279258e+02
7.000656818137184700e+02
4.955923875959815632e+02
5.542313613952289870e+02
9.690041654672348841e+02
6.821158802685737328e+02
6.484438867122634065e+02
1.075178948147162146e+03
6.405212738091403253e+02
7.115900641301484484e+02
4.753318874471075333e+02
9.695900581969220866e+02
8.042337583854988452e+02
4.167100491070413568e+02
6.796259790397837151e+02
4.441715407359581604e+02
6.510501751727447299e+02
7.635097248926305156e+02
5.970758190775833327e+02
6.612952854521572590e+02
6.112669148272041184e+02
8.051415832735966660e+02
6.543909588933266832e+02
4.553730091256671244e+02
9.460158157556631977e+02
4.392645501223830706e+02
3.916983646926461802e+02
3.325318187265210099e+02
7.583369033679797440e+02
1.012333919279958650e+03
3.338162426431841823e+02
4.257298322474071028e+02
3.884765229426001838e+02
1.580754890304759101e+03
5.481750323376554661e+02
5.333033877190157455e+02
8.485692943285533829e+02
4.459713438942163748e+02
3.236007947768871418e+02
3.752905593961793898e+02
3.128382498824328195e+02
3.713379783964625744e+02
1.413473767136048764e+03
5.905947510810336780e+02
3.919397460970576503e+02
4.178889021471305796e+02
6.585828025192339510e+02
1.339203818311001442e+03
5.958331587238897100e+02
3.957454442803652910e+02
7.196794320611674038e+02
5.588314132589318888e+02
1.081419852891597657e+03
1.248919864795203921e+03
9.643599137001546069e+02
4.539028175817974216e+02
5.954936294412536881e+02
4.022386121466336704e+02
4.179826834533991473e+02
4.012323799630634653e+02
4.278773439645810868e+02
7.625077435135679025e+02
6.486404319039851316e+02
6.770591794571812443e+02
7.107712440210208342e+02
4.608164832838925804e+02
5.407577567695998368e+02
7.416537999126693421e+02
5.781731888504280050e+02
7.200390284623769048e+02
6.631457140402183086e+02
8.160771473553068063e+02
5.278061542120771037e+02
6.529176728236394638e+02
7.264271277584929294e+02
7.241733769639104139e+02
1.446525580621302424e+03
4.175946421535970785e+02
5.541382994350798299e+02
4.230398251832294818e+02
8.033740156810788449e+02
4.431168185721789428e+02
5.017429954619232149e+02
8.057215415512843038e+02
8.062222459631253741e+02
3.367655668024847273e+02
3.755940662232598015e+02
7.775492643209107655e+02
4.009448293262695415e+02
2.747480928657789718e+02
2.541106276547327525e+02
5.905998900402312302e+02
5.164872828334439419e+02
2.933364082857979156e+02
6.705697314303249641e+02
4.965759954539194609e+02
2.815231166228214192e+02
2.685867244575424593e+02
5.363636287065538681e+02
2.990326917146661572e+02
2.100641760367272468e+02
7.716821644588287654e+02
5.178822103203054894e+02
2.368301158803064936e+02
2.405176733300823173e+02
2.674307086053917715e+02
3.226327011265371425e+02
4.920438865712817460e+02
3.565673653899941087e+02
6.674394412240332031e+02
3.247669232853767198e+02
3.654405499234022727e+02
3.038476057186773005e+02
3.840545944659965585e+02
7.182433605249827906e+02
4.150123147501288940e+02
4.757841111895086783e+02
3.454353592140093951e+02
5.067141122609934314e+02
5.821683333858367178e+02
3.628440220482925156e+02
8.243077468145023659e+02
4.860342275215125483e+02
8.019794440253905350e+02
7.097208469835313736e+02
7.471512777051584635e+02
1.338912761312064504e+03
1.418189075607121822e+03
1.276777295187928303e+03
1.169981901747347138e+03
8.966918270778800206e+02
7.979398133709577223e+02
1.225952367133268353e+03
9.074872879015862281e+02
1.357534338564876634e+03
1.241672136725731434e+03
4.030774020788632583e+02
5.160097152880399562e+02
7.827325148188108415e+02
1.113614579739003830e+03
6.172111861213693373e+02
4.083471108111330068e+02
3.299536094099292995e+02
4.616990552926678220e+02
4.666718045875020948e+02
3.801130514774150697e+02
3.196384966712792561e+02
7.550012511948762040e+02
6.712670759348179672e+02
4.025518336192114930e+02
4.878209002732178305e+02
6.099888462766476778e+02
9.453338814118750406e+02
8.352112607161794813e+02
5.612686310543947457e+02
4.431080555377801034e+02
8.305929576297795620e+02
7.571724379212606664e+02
5.610453122936404498e+02
5.838690616295124300e+02
1.293857054948677387e+03
7.742964916537887348e+02
8.558950483352456331e+02
1.402587801954655106e+03
5.549248774443184402e+02
8.091683539581945297e+02
6.450352756936522383e+02
8.569131914411132129e+02
9.674952559827360119e+02
7.477199133335022907e+02
1.085963367626707168e+03
1.273469704320120172e+03
1.010171177260122477e+03
8.310176628201492122e+02
1.326108842205313067e+03
1.041223567614036710e+03
1.197498184125419812e+03
5.580862758065945854e+02
7.778306643923309593e+02
4.950406156808152787e+02
1.342390567695106711e+03
1.432303968887863903e+03
8.945990143042897671e+02
6.966622582581148890e+02
1.138262308775387737e+03
1.431829730577009514e+03
1.111980116025343250e+03
8.716032701779855643e+02
5.889561182914105757e+02
5.293261973908327036e+02
4.278398662411316877e+02
5.968469560028005390e+02
6.456038238679199139e+02
5.792911615534094381e+02
1.312014475674619916e+03
1.407599637643985034e+03
1.362619650755764951e+03
9.838495074910184712e+02
8.209967265060965929e+02
1.108573187593885905e+03
1.382228380552995077e+03
1.116098995340694273e+03
1.177363715728856732e+03
1.077180575281885240e+03
9.530608779158344532e+02
1.145205087816983678e+03
1.012635500407700306e+03
1.081127075382883959e+03
1.387101184834844162e+03
1.523023487349346624e+03
1.193222396546604159e+03
1.142922850773624305e+03
1.200247730738564087e+03
1.302541830536055159e+03
1.360699968287036199e+03
1.236184071008929777e+03
5.096135666232265180e+02
8.864585421264538354e+02
1.023995328824867102e+03
6.987323891044134143e+02
1.174661196522041109e+03
1.141401483774802955e+03
1.115717262154780428e+03
9.768141938668943567e+02
1.037479685906661416e+03
1.256019834557307377e+03
1.278442189303577834e+03
1.288625959188329716e+03
1.409299161239544446e+03
9.222234482587718958e+02
1.139308384706026118e+03
9.619347978634516494e+02
5.100835374295119209e+02
1.158776441828069210e+03
6.527575776574457223e+02
1.237445131623482894e+03
1.074867971390533739e+03
4.627948958529498213e+02
3.106356450328872256e+02
6.455271587310653558e+02
1.410881223259361605e+03
1.351022481836085490e+03
1.225390567177021694e+03
1.014200682736522367e+03
1.374859647985109632e+03
1.169063920610798277e+03
3.375441319809850143e+02
3.891281969864579082e+02
2.309920171267410467e+02
2.486062786410644492e+02
5.464524744870217319e+02
3.657899652269508692e+02
2.544445643928394531e+02
1.870715752250761739e+02
2.791777155237820125e+02
2.094524612185812202e+02
2.310335870027500960e+02
2.328306876959693170e+02
3.275757474148509800e+02
5.663083102975062957e+02
6.624031096832228513e+02
5.973371763330187605e+02
5.080690732122913573e+02
4.385527200370337368e+02
2.985034630232058817e+02
2.763573325454175347e+02
5.268027581447545344e+02
4.321350563155367581e+02
4.137121535526622438e+02
3.443672806374081006e+02
2.604695511098809675e+02
2.139174846939788495e+02
3.582579238004570357e+02
7.996970763883683730e+02
2.887832795312518215e+02
4.340136288105264839e+02
2.862827514557666859e+02
2.853661124232405655e+02
3.638673088854371827e+02
1.853392526539053051e+02
2.387861669009152195e+02
3.523235627694938898e+02
3.463341451070487551e+02
1.895001203807595118e+02
1.960493952671636180e+02
1.809866947979605811e+02
4.383776680216111004e+02
4.003200000639126870e+02
4.534604652477949003e+02
6.426585483974697581e+02
3.968462414876923958e+02
5.413750066263688723e+02
4.215668107494230412e+02
1.208574585949487982e+03
8.526365447871608012e+02
1.150312334756259133e+03
6.336392503476812408e+02
7.575763503772603826e+02
2.543719840175391766e+02
2.748726539340063368e+02
2.308345724091291800e+02
3.511747192806095086e+02
2.770100478226740961e+02
4.436885984730360519e+02
1.283168053065863319e+02
1.634092986379209833e+02
2.298141727259995264e+02
1.355693619798261693e+02
2.775227961153755132e+02
2.584665453633242009e+02
2.088910307068105965e+02
2.409697896229341723e+02
3.138387730519822867e+02
1.136754889630861953e+02
2.363501434546712119e+02
2.398354451622093109e+02
1.487152218805083521e+02
1.985788556443710888e+02
1.969880170782824678e+02
1.279814818598064079e+02
1.210245822131625744e+02
4.282781794201004004e+02
1.610365573128165408e+02
2.036006253072849290e+02
2.338363884210777428e+02
1.806925361452137508e+02
4.600155420454548789e+02
1.895597908342002995e+02
1.813460942917930936e+02
3.974260642841284152e+02
2.084923856191123548e+02
1.790472245944246765e+02
1.476707058951689930e+02
1.284339325986548204e+02
1.183624814858254979e+02
2.852746251908405384e+02
1.418268794742667467e+02
1.293002289361221813e+02
1.274259139930997549e+02
1.143054893265610303e+02
6.043688845084521972e+02
1.132434275629059641e+02
1.355074812532627675e+02
1.200904783092611297e+02
2.781600158411549160e+02
4.091463803237514298e+02
2.504787803695887760e+02
1.851448107193635053e+02
1.572448895161231235e+02
1.049974157148081417e+02
1.288736124936813781e+02
3.035382487515138337e+02
3.036230895242317160e+02
2.149684406395045926e+02
1.384324300395219893e+02
9.809682704648416518e+01
1.443564974528827349e+02
1.048387204541672730e+02
1.245680606557361756e+02
2.660253669525638998e+02
2.203111322424319667e+02
1.625973299543846338e+02
2.613073834180065091e+02
1.817341471905086507e+02
1.512607670970892286e+02
3.985942539527565600e+02
1.517928839661820746e+02
1.330820446253273417e+02
1.443998974713068719e+02
1.379661379944958242e+02
1.530683902381534551e+02
1.374036937472133104e+02
1.239430267363270701e+02
3.302689078421722115e+02
2.463453712974861674e+02
8.498527276195821401e+01
1.304629200288468382e+02
1.023983782435538501e+02
3.197444226993137022e+02
1.089580879127129407e+02
2.203264750623247323e+02
1.616321366301406215e+02
1.285633819326125717e+02
1.075573746639684884e+02
1.532883963829728771e+02
2.007152144946068688e+02
1.605778616728417774e+02
1.316649663570775033e+02
4.016036489136230330e+02
1.425168518747715325e+02
2.533438855578111202e+02
1.027647548101935371e+02
1.567737122668313532e+02
1.804516919659717473e+02
2.187238902521284558e+02
1.473114441404443085e+02
1.009311750075390250e+02
2.152151483703942745e+02
1.363953856900729136e+02
1.382968028115231505e+02
1.235387925993878611e+02
1.821659464840664953e+02
2.917976782312529167e+02
1.175491812026326528e+02
3.633337831992441807e+02
3.121078767382483647e+02
1.797290036297914071e+02
7.137133878125939646e+02
1.247962049822271240e+02
4.956301777538811848e+02
4.000664792036698145e+02
1.217025698006800809e+02
1.092904628086074439e+02
1.480109582609418055e+02
3.842433707892013217e+02
1.455626654846783481e+02
1.807858324803890184e+02
2.080308437363256076e+02
5.662503785596193211e+02
3.569523467076385259e+02
3.404914589058623733e+02
2.080858604223520842e+02
3.666455971643638918e+02
2.710594247175811233e+02
3.012522986767440898e+02
3.433617540340982259e+02
1.159734829937862912e+02
2.014566285684983313e+02
1.570662610447041629e+02
2.278110728263543194e+02
3.132160990734256529e+02
1.592520453907136186e+02
4.331507019863109917e+02
1.930909082223285509e+02
1.567562530571974548e+02
2.259528555910201817e+02
1.807155450966490662e+02
1.581016143594653727e+02
1.312903624703780281e+02
1.618851312278196701e+02
1.297177409825452514e+02
2.597407615199857673e+02
1.710494854766558035e+02
1.166231560629784383e+02
1.225974213583416912e+02
1.884983034219748674e+02
1.537139601214940114e+02
1.172169324751926638e+02
2.239249836344317259e+02
2.215213277120217583e+02
