1.189664976194785595e+01
1.186503055994004718e+01
1.567391945606117787e+01
2.094580628384829168e+01
1.936474574767015611e+01
2.152203198645643312e+01
3.609015821783324185e+01
4.112392195121403660e+01
1.707827754899579631e+01
1.574951043590425037e+01
9.679911648195899332e+00
1.160237378596769098e+01
1.392818437557304634e+01
1.826556251469695269e+01
1.036352451788492779e+01
1.825619318284601533e+01
3.538221363902560057e+01
1.993131865308757256e+01
3.088934746285518074e+01
1.620740837417512381e+01
1.452771309869059380e+01
1.677890698912240097e+01
1.615604942904596442e+01
1.153017137517083945e+01
1.180720032271296382e+01
1.362101729807478279e+01
1.344301309100859143e+01
1.134297234721487868e+01
1.006615972279464621e+01
1.227860422000921048e+01
2.176595023979794163e+01
2.149648642206345528e+01
9.310518744434839178e+00
2.044210640821973257e+01
3.401504377895788167e+01
9.646617222963081772e+00
2.121662309795881640e+01
1.514601179344274939e+01
3.921765984055205934e+01
4.879895249563080029e+01
2.888811082286433063e+01
2.416803543419297640e+01
4.818268957284006859e+01
1.355559787249689485e+01
1.575716457186810260e+02
2.077264147428103769e+01
4.221565715369079186e+01
4.581671869981660450e+01
6.644545726504965444e+01
6.868952939095687782e+01
4.312094159921098679e+01
4.198139888544199039e+01
1.084044581885288210e+02
4.510376973298908609e+01
3.492318112459940238e+01
2.940216405259414145e+01
1.216196030529487189e+02
5.006193283709602326e+01
8.200030800908825768e+01
6.918934544377098916e+01
5.074742427504800446e+01
5.285618834538382060e+01
4.200780698361268151e+01
2.130481327550158426e+02
4.014230602691960570e+01
5.639598658837168443e+01
9.785804363818472495e+01
4.217401462353307551e+01
1.796237386345401319e+02
5.991834938190047666e+01
6.394141875522664265e+01
1.951128373399060933e+02
5.764233677283266388e+01
4.234303981783400417e+01
8.657832885394931566e+01
1.602389931570577062e+02
1.528077395077372955e+02
8.454465533027234869e+01
1.311875149886075462e+02
1.290561614704743647e+02
7.814644746525600283e+01
1.397156021809043125e+02
1.627854610559643334e+02
1.299193674915688348e+02
3.214841729034645823e+02
5.259700164528272808e+02
1.957800374682571771e+02
1.537829386951815422e+02
1.971594473107342651e+02
3.841167631720226723e+02
2.397370911610797961e+01
1.618021073686257125e+02
2.477199089246506105e+02
2.303557332239556956e+02
1.165031452036987787e+02
1.402187115883450588e+02
1.026689332745559398e+02
8.450703248193119066e+01
4.270939344083190292e+01
4.019374228622241674e+01
5.840096038725958749e+01
7.500098288331136587e+01
8.871388761153816915e+01
1.139295920783189899e+02
1.019740607045294070e+02
1.358113823253246437e+02
9.712496473146917708e+01
1.512112230073601609e+02
2.187150631273207466e+02
1.559432546106114046e+02
1.698178224451706910e+02
5.271424591542870530e+02
1.173250158819527655e+02
1.543816058255033283e+02
1.037007033710708725e+02
9.152496137515943531e+01
1.071600914590917881e+02
7.592548277415582447e+01
7.774362093917855532e+01
1.291581478928422939e+02
4.209336752417542016e+01
1.307165030781654878e+02
1.777024378267315114e+02
2.499543395032136743e+02
6.136522811654496081e+02
2.373570716006440762e+02
2.115464792688530054e+02
2.208451466730228105e+02
1.904191178148028314e+02
3.182825470566606327e+02
1.695382301610122511e+02
2.599376955047285378e+02
3.953667282738564950e+02
1.301478458304679862e+02
2.204711188418943379e+02
1.448719360936137548e+02
2.677987748304479396e+02
3.840703632239571448e+02
3.857579802648638747e+02
6.151089395162068740e+02
5.330309949799881224e+02
1.947265488916208085e+02
1.734772079513585084e+02
7.316089725760388092e+02
1.650893661203897125e+02
1.403421998058515783e+02
2.677998829708088238e+02
1.706069925243605496e+02
4.673728997269300294e+02
3.952266162914157803e+02
2.453720667994639939e+02
2.527688762329052281e+02
5.615420254516770910e+02
2.720091459488172632e+02
1.785272006728812926e+02
2.239925501971250981e+02
2.106103525960229774e+02
2.519421839068047007e+02
4.437765303681668456e+02
1.549007146077926222e+02
1.967902616027693909e+02
2.910987826786197274e+02
2.128334954825289174e+02
3.921139220827870417e+02
2.310843397924775502e+02
2.849116410435158855e+02
1.538334474131260663e+02
1.545885236581474942e+02
2.262034250326739766e+02
3.180874264394228703e+02
3.013437757212432189e+02
1.305889332965953145e+02
2.932560219218989914e+02
9.845769144950314455e+01
1.511993615243096656e+02
1.354420264764098647e+02
8.466013506677752787e+01
1.957182008983547519e+02
1.133180147933593958e+02
1.267645112458806835e+02
1.627665406822314083e+02
9.441130209188661127e+01
1.127516498330955415e+02
1.270021746134604257e+02
1.021877778077556798e+02
1.323041005068608342e+02
1.048595259920758451e+02
1.070926557350510393e+02
2.514894843350718929e+02
1.998095109995406631e+02
1.489707100927293766e+02
4.565002968054202483e+02
1.627786368692279098e+02
2.171074503037182524e+02
2.747183069090043546e+02
2.800519585829767948e+02
2.485975660328243180e+02
2.964791382884379800e+02
8.909226822962823178e+01
1.591674118168864425e+02
1.310556595767481554e+02
5.043032490508142018e+01
6.217232160939464336e+01
8.703025089855731267e+01
7.432464750485124227e+01
5.755347394036436981e+01
5.544113362465920858e+01
7.982637867256734410e+01
7.449772792238100294e+01
7.016703684821396791e+01
1.018191945389018969e+02
5.968969333503910946e+01
4.471112813963128474e+01
4.214663222572525569e+01
6.453114931386859610e+01
1.088387665331420209e+02
7.141326237373412766e+01
5.840139524508980173e+01
4.889456975067091804e+01
7.000181389188094272e+01
4.978688673169403245e+01
4.426850988395744224e+01
6.765814379634106501e+01
6.415035868349443149e+01
3.581859484910198432e+01
6.714147085479082477e+01
3.773584838989555124e+01
4.189987613839249292e+01
5.138951973516475391e+01
6.425916905034165438e+01
8.653448032607428786e+01
4.945341595030467374e+01
6.234110853628641991e+01
4.266490085877470051e+01
8.591319153480412751e+01
6.646853209301841048e+01
9.455681467973965937e+01
9.188228074134244139e+01
1.215367962334369452e+02
5.473404523531279153e+01
5.355585813643448034e+01
1.016142344045537271e+02
7.594627154474866870e+01
6.583460868929608978e+01
1.053388142714327955e+02
9.033133922361275836e+01
7.291605310731006284e+01
1.027123906318226005e+02
1.098078998375380309e+02
1.364834737181100195e+02
2.157184453390634928e+02
1.006522798890935775e+02
3.310788869983741733e+02
2.023800785907100135e+02
1.240108066191907739e+02
8.529806362808780307e+01
1.912240215809924848e+02
2.028876023733570833e+02
1.981751779211212181e+02
9.372993723731300975e+01
1.436853711227907979e+02
1.560174494423508804e+02
1.148506770539446791e+02
1.264447497267780847e+02
1.383450519481721130e+02
2.670047833874882599e+02
1.153063391471993668e+02
1.749411721408367839e+02
1.034816696781233674e+02
8.500977933813270226e+01
2.257736343841783082e+02
2.921512444609834347e+02
1.904729337672063707e+02
1.359344370971040235e+02
1.252749149613484150e+02
1.044693546072180084e+02
1.842481625520671855e+02
2.377614256114968612e+02
1.695725809540787736e+02
2.196426658571666337e+02
1.364440000336272476e+02
1.261284745171854524e+02
3.196455921842867838e+02
1.492528692040262683e+02
1.061949297729364048e+02
1.814954279486667872e+02
1.269812069841582058e+02
1.776160454488768607e+02
1.989830087216373045e+02
3.362197703197379610e+02
1.395260545509792962e+02
1.465363411885637674e+02
1.272717041902407971e+02
1.863331819647116845e+02
2.702729561244757974e+02
1.241301374506400634e+02
2.227660861396552150e+02
1.226262435872723984e+02
1.456876703900600205e+02
1.806088537224581216e+02
1.206787491087619060e+02
1.545845319228517383e+02
2.452486597210719879e+02
1.105182242462458078e+02
1.056942594879862298e+02
1.162020966784308200e+02
7.505084010631134106e+01
8.118857687043143301e+01
1.016006297491039021e+02
2.125207482091314546e+02
2.061619038794283369e+02
2.041837005932270870e+02
1.356537503609926887e+02
2.671454929197480510e+02
8.913926413414725403e+01
1.247066688151562488e+02
1.578917630571354209e+02
1.528882019638418512e+02
1.144646285121209672e+02
1.451716167881696151e+02
1.695931247518315388e+02
1.302054594960435168e+02
2.215094306206930526e+02
1.860993404250009178e+02
3.598081094113543941e+02
3.222412348182905362e+02
4.030661198166866370e+02
4.873351176661336694e+02
1.519510224553724129e+03
1.198138902483953643e+03
5.349359086968615884e+02
3.108189944145823347e+02
1.920609654578841514e+02
1.515204704156528237e+02
2.417718864848624207e+02
2.609316558480457502e+02
2.835133959540953015e+02
2.597666761447828208e+02
1.792346461974310614e+02
3.579636631529521651e+02
3.780323547624539060e+02
6.188381241387486398e+02
2.560101893836882141e+02
5.848895270958440733e+02
6.038524232962192855e+02
8.281212671929346243e+02
3.281566897278291322e+02
2.210110962621327246e+02
2.195889416786065169e+02
3.174752928835971488e+02
4.505218030318627029e+02
2.874080801308000446e+02
5.097305253898078945e+02
3.195826833922391756e+02
4.727327256386626004e+02
6.837268653512436458e+02
1.735266464215232816e+02
1.098869411187512952e+02
1.158542415978628242e+02
1.276874377424358897e+02
1.391501811489361273e+02
1.170102451803741701e+02
1.063202325201356615e+02
1.241486989744315821e+02
1.183039279469877840e+02
1.064035048971029909e+02
1.128496801776818330e+02
9.511517749047023074e+01
1.254168001588899273e+02
8.850145540877232975e+01
1.052918889848693595e+02
1.098157309275487137e+02
1.011098219922572810e+02
9.773412255451557940e+01
8.389819074874054650e+01
9.588866813583730675e+01
8.947981654419506015e+01
9.410184947397874566e+01
7.729176118153368691e+01
1.069977728056510387e+02
8.591893300149078527e+01
9.438280425901541548e+01
8.946492812394905059e+01
9.459945233792539909e+01
8.150014859272410206e+01
7.284296647941928882e+01
9.136092096403787366e+01
8.406445072312948241e+01
1.093465837566858170e+02
7.605132912372779685e+01
1.045612171800131875e+02
1.042014583458658024e+02
3.495674829664938699e+01
1.055989589174856746e+02
8.704085812161295621e+01
8.923337641644317841e+01
8.140147180215886635e+01
1.001112567149615415e+02
4.067368158710713999e+01
8.607946800383031416e+01
4.127666329388095789e+01
9.114135278068778234e+01
9.132886875535535864e+01
9.144373088556132245e+01
1.081990312080935723e+02
8.343828698965937463e+01
8.686292402145708991e+01
9.261946708314889065e+01
8.801879691034257291e+01
4.168188374586267742e+01
8.552692144836385069e+01
1.005773959971990621e+02
9.140510331672193445e+01
9.732463466859017842e+01
1.023736914240518558e+02
8.786816564167749277e+01
9.837272701759493998e+01
1.201333559285361474e+02
9.220724916987094844e+01
9.512102873342502107e+01
8.633813414664913921e+01
8.326159111168796301e+01
1.004253198081937910e+02
8.464208788196430078e+01
1.365334930897428762e+02
1.046883046167788365e+02
8.805753554506672742e+01
2.437803921187985736e+02
1.503043637431024422e+02
1.624180428366072420e+02
2.315529896325845698e+02
4.801862016428005404e+02
1.767936352759075476e+02
3.629050804034658881e+02
1.198451299637538341e+03
2.451660009830560512e+02
1.026275074190735523e+02
1.815853013821812283e+02
1.473666527697998845e+02
2.893551950178340917e+02
2.212756162821700912e+02
2.954159359150506248e+02
2.218259818993499550e+02
1.536150888946115742e+02
2.131002995730023315e+02
1.790580240557176239e+02
1.619730888640278295e+02
1.485315234960870328e+02
1.321293721370571461e+02
1.115773504110147911e+02
1.167728603594661791e+02
9.058979373200928364e+01
6.989862996486036195e+01
8.139223294342370707e+01
7.951700294477379316e+01
8.409745971455615177e+01
5.583928469317918797e+01
7.676309023871961301e+01
6.095481258585511597e+01
4.799753227813744871e+01
9.380685737272398228e+01
6.621314915967008119e+01
5.060936809292457639e+01
7.232477472774007765e+01
5.599507209631656224e+01
5.989805535462578234e+01
4.639296501475030254e+01
4.745091313057953641e+01
6.317611513402057710e+01
6.787482323052998368e+01
7.057011955996021868e+01
4.700589822445244437e+01
5.566655384268968731e+01
8.618283175204362578e+01
6.865622098956859531e+01
5.139200823192739165e+01
7.119665982828398398e+01
8.706007689540015804e+01
7.127110791114499477e+01
1.020399048465244363e+02
7.841649304276191401e+01
5.622489447851769029e+01
7.358087336095540820e+01
5.374933138631901386e+01
6.946089124924201030e+01
9.602973777273429334e+01
1.050534033726952998e+02
9.351675510913251799e+01
8.631484991112766636e+01
6.952661454975449828e+01
1.065121370302571506e+02
9.097718414312855373e+01
1.297951820742230495e+02
1.323567988056280171e+02
2.089180036058289431e+02
1.693403335907340477e+02
2.570052163710778359e+02
3.678283120168667324e+02
5.515071307681994313e+02
7.614397538150568607e+02
2.837519764236160427e+02
4.051017499380497497e+02
8.041983552766374714e+02
6.052948322014173073e+02
4.480161988158948247e+02
3.345291323140979785e+02
3.263472736995078094e+02
2.972038506070223889e+02
5.968001265447128389e+02
6.427905906930491255e+02
3.454843657297471964e+02
4.042085068499096678e+02
5.293811868662355664e+02
2.053286380043807924e+02
2.408552446194569825e+02
3.177505014493208364e+02
4.536664061403096753e+02
1.899258580529291294e+02
1.539333824516031655e+02
1.558814479286750156e+02
1.821520713942558700e+02
1.148483933364708207e+02
1.421893513573366761e+02
7.196286869437636824e+01
6.824335385619617966e+01
1.016003962746643055e+02
7.830357166294351146e+01
1.946969444720937474e+02
9.559159144911151884e+01
7.467284149276326843e+01
9.483409333209912973e+01
6.971697815811386079e+01
1.042635708727354995e+02
9.343908223406627656e+01
7.134810352493632024e+01
1.278816665921846010e+02
9.613104698786901281e+01
1.015425069074616857e+02
1.303959392131720563e+02
1.746521982404220523e+02
1.951933026434025180e+02
1.188830618329744908e+02
1.542384901474606806e+02
1.108629669409881302e+02
1.687225881891289134e+02
1.003194064421510063e+02
2.239140836178898439e+02
1.102077441144162435e+02
1.112449184506770052e+02
1.662345163461454831e+02
1.436232862050569565e+02
1.382070534323471236e+02
2.859876294586861718e+02
1.651191958923261893e+02
1.503931847974268976e+02
3.291338675748096421e+02
1.574637074384585844e+02
2.939632502892708885e+02
1.556542986118545286e+02
1.683434855919883830e+02
1.262523572428626295e+02
1.831699460883657480e+02
4.225805178910757149e+02
1.234213242043012144e+02
2.089970924174977824e+02
2.652242969866642284e+02
1.763479108164963804e+02
2.203204104132298369e+02
1.480882715345056795e+02
1.995976949105619553e+02
4.562270302823721977e+02
1.595613387446279035e+02
2.509532520436534924e+02
1.942783137717946715e+02
2.896418391584871870e+02
1.773926728827307215e+02
2.474800933675311114e+02
2.732977587523613465e+02
9.133925900820591437e+01
1.287548755106009253e+02
1.536180181824946942e+02
1.413310948828761013e+02
1.345344297006053580e+02
1.053915427526019357e+02
3.487683447306255857e+02
3.384881973180121690e+02
1.008193840300175737e+02
1.341755997125763713e+02
1.173212397166495862e+02
1.028284798920808498e+02
1.341706636641577859e+02
9.962178310161301908e+01
1.777278218449150984e+02
8.981825387600474642e+01
1.282431773925906100e+02
2.015559037519769561e+02
2.163920021213134817e+02
2.324667698532075519e+02
3.349039990236157678e+02
1.226507614632473917e+02
8.907572229053079127e+01
2.305093947387031221e+02
2.259810190803327146e+02
8.790087214510135993e+01
1.749919316292548217e+02
7.468934504053503076e+01
6.014258991405099408e+01
1.223505165415470231e+02
1.296033085249395924e+02
9.688004409905278180e+01
7.941830668494974077e+01
1.135043692748945148e+02
1.015857985129289034e+02
1.051379291353968739e+02
7.626435090571921194e+01
1.141818214444717086e+02
1.738753219690576088e+02
2.148238786607381030e+02
1.241344449964629035e+02
8.602549780471025542e+01
7.131411221505041453e+01
3.131296121514991455e+02
1.288507172977426194e+02
1.917294175154231084e+02
9.859312083818166172e+01
1.318178510833512576e+02
7.855647677620393665e+01
1.273415751277618284e+02
1.498232229336527439e+02
8.996955155666081794e+01
9.802127266967066532e+01
2.325374505298577219e+02
1.029840754074318738e+02
2.064635400087316555e+02
3.019850618087241969e+02
1.510952554566827644e+02
7.342956504324511968e+01
1.738705450482822243e+02
1.766572425764518073e+02
8.615688569757935511e+01
1.110389023585928072e+02
1.473972162076555037e+02
1.386184828717181858e+02
4.773605406431693723e+02
1.426308888112199327e+02
1.279825454508229399e+02
2.143632922444176643e+02
8.376967182760976982e+01
1.177041285811077103e+02
2.214179608256913525e+02
2.672945262977790435e+02
1.977524337960018670e+02
1.415342591505675216e+02
1.591159204633323441e+02
2.602953781821708503e+02
1.302715695329709149e+02
2.220969933531306708e+02
1.187413743689236583e+02
1.662684151440914775e+02
1.685744617549667623e+02
1.673593105960355274e+02
1.580356926128546320e+02
1.611039841080594783e+02
1.464189326241398703e+02
2.568103049182107611e+02
1.015118653181492476e+02
9.809374690287135934e+01
1.809105535340034692e+02
2.056154860937434137e+02
1.026424603094665571e+02
2.301679091236967452e+02
2.017650199282635128e+02
2.096278690577571808e+02
2.138728659165135753e+02
1.110079995865869478e+02
1.306396038754361655e+02
1.753284414175574000e+02
1.210967392324993455e+02
1.435054644966376998e+02
1.879694405023121533e+02
2.382232235434159406e+02
3.073586082699968074e+02
2.037725560740003345e+02
1.812794049029828898e+02
1.575342945255848974e+02
1.633267220832551914e+02
1.201162354282104587e+02
3.320916402793470183e+02
4.480660165259967584e+02
2.362837625374214667e+02
4.390692489911512553e+02
2.301955642469071108e+02
5.056551019521293142e+02
3.062118236216779792e+02
2.733386452299000098e+02
2.429931025179773769e+02
3.515598275996026132e+02
2.469781458614693008e+02
3.408146527844390334e+02
4.448876207526956819e+02
6.733789734049975095e+02
3.533634278032041038e+02
4.919420079968596156e+02
6.512285307749566527e+02
2.785741253317286237e+02
2.539854639901898850e+02
4.691713054942990766e+02
6.718875864594033374e+02
1.062806221775189897e+03
3.884518738901317079e+02
5.887409580828527851e+02
4.671153215936070069e+02
7.871168036084062578e+02
9.937195678007261677e+02
1.322739842778675438e+03
1.541114449099759213e+03
7.597683562707819647e+02
1.326795886137946809e+03
1.003972307982928669e+03
4.410720490818756048e+02
2.690637359284411332e+02
5.419713136966628326e+02
3.172903489951875713e+02
4.571344542098008219e+02
2.866437551100927976e+02
2.261010900458487924e+02
1.472535024516417366e+02
2.143664241797874013e+02
1.374806784767753527e+02
1.311670447812034581e+02
1.469849132942487131e+02
1.029108685000597063e+02
1.499739423711560562e+02
1.210665767986891126e+02
1.416531245778096775e+02
1.617488846998030567e+02
1.291603675529776183e+02
1.650629901492781642e+02
9.940470439190322338e+01
8.587792232984001828e+01
1.530665702720093009e+02
1.031822271828729782e+02
1.356275924067805931e+02
1.019374268057529633e+02
1.681865429202875362e+02
1.191694834996932286e+02
1.280461977374108926e+02
1.726474622183691565e+02
1.420190350465372262e+02
1.416900611566495058e+02
1.117789823736466133e+02
1.768391758267865441e+02
1.321334395798118919e+02
1.389432930118957756e+02
1.618910375387775673e+02
1.227940497426374975e+02
1.402090135569061431e+02
2.668995567998674687e+02
2.903997173389498130e+02
1.641582327398559471e+02
1.922791677415300171e+02
1.887146707231338212e+02
2.012295124554206041e+02
5.304416909683351378e+02
2.722897928785416184e+02
5.154539849521944461e+02
1.954202429622500858e+02
2.277378425986928789e+02
1.786114474036507431e+02
4.273434988410921278e+02
2.033320789510784437e+02
2.358048580873535229e+02
3.375656878255164770e+02
4.923179308401107619e+02
1.880034189616781646e+02
2.389084036854303292e+02
9.617230156083439851e+01
1.995582464036394299e+02
1.612728571466962535e+02
3.069751123454130948e+02
1.471612937004419450e+02
1.067472815328910372e+02
1.765296179927619562e+02
8.539153733587981776e+01
1.108026841087389727e+02
7.690564823161379593e+01
1.141536225659166490e+02
1.941392446187877852e+02
1.254892359287475188e+02
7.740521708754920382e+01
9.484867074093835981e+01
1.858718166415967232e+02
8.411403508295028075e+01
8.073439821923689408e+01
1.073488833489421950e+02
8.524590705403741708e+01
8.218206425324900977e+01
1.242136075548599763e+02
9.433025744036217475e+01
1.222638465274505535e+02
1.055796802259151832e+02
7.931100612726154964e+01
8.392888448372455912e+01
9.558274327771468393e+01
1.096436021786561383e+02
1.054651176431504638e+02
1.035370315892490396e+02
9.126650868196976774e+01
7.730900046625927757e+01
6.217831298620489378e+01
9.108073637180292792e+01
6.206016264828745932e+01
1.176473878776362341e+02
9.217803568685772575e+01
1.397252902625147044e+02
6.265347974626858019e+01
6.306685487227871079e+01
8.588297580295697742e+01
7.350833783135968247e+01
7.127078384783069964e+01
1.520792581788300311e+02
7.885182842593252417e+01
1.206766254473380684e+02
1.347383105913549457e+02
6.418995323846750978e+01
1.039205663244275968e+02
6.529147016478141552e+01
8.338974023758173360e+01
6.897564112334721642e+01
9.585977678535016366e+01
7.767480452654791634e+01
9.631453311048524313e+01
1.011820148864021576e+02
9.026204562122609332e+01
7.853475172272845839e+01
1.813199772333939563e+02
3.148120937185785237e+02
7.861018764284422389e+01
2.423214895551242023e+02
7.969087977725722283e+01
1.284498801869615079e+02
1.135699719917216868e+02
8.358331665087794704e+01
1.059372796837312904e+02
1.031090548919517289e+02
2.662839318215872026e+02
1.502913535369664260e+02
9.623174881889579524e+01
2.346436194518436480e+02
1.073249906023148412e+02
2.515621496053701662e+02
9.089446111703617248e+01
1.049502650669744952e+02
2.469690840743265312e+02
1.224969557693903397e+02
1.509793068128185496e+02
2.570182812435422193e+02
1.139602217316495256e+02
1.278846303034123792e+02
3.633236168755619246e+02
1.449576543497376235e+02
3.539899743833038315e+02
1.995557230097767558e+02
1.195299772426162832e+02
2.245244359106175125e+02
1.787897298173256218e+02
3.642958115720880414e+02
2.422658269422877595e+02
1.852431105431465426e+02
2.074910760034354382e+02
1.021563565758284398e+02
1.762282064514778597e+02
2.511199405959291084e+02
2.534561566094399438e+02
3.489579136513629578e+02
1.725969866179988799e+02
4.097611702200045443e+02
1.727462155506755721e+02
2.234275327229794073e+02
1.856199307448004845e+02
3.260986808085210669e+02
3.206171609550290214e+02
2.290840601209781937e+02
1.343476060118231601e+02
1.563135283306866086e+02
3.870398636278470690e+02
1.683616275736175680e+02
1.766172037328545912e+02
5.193278272304719394e+02
2.595001914684075928e+02
1.356276123449459590e+02
1.519596774199963534e+02
3.789662056608990497e+02
2.721246652482985837e+02
1.432497538801753763e+02
3.377708246024636765e+02
2.280611236469353003e+02
3.962577422381373253e+02
1.059183325196254088e+02
1.950447475706822331e+02
1.229171277218358682e+02
3.131594799327702390e+02
1.301025159483297386e+02
3.818760467931757603e+02
2.502138411910406433e+02
3.085240688148270465e+02
1.105646355091827218e+02
2.111344940680420450e+02
3.709487435111625473e+02
1.807695019833089134e+02
2.086725007162088161e+02
1.670036927236506301e+02
1.570963373247202810e+02
1.695828942851248087e+02
1.972946954850226575e+02
2.146697224540392313e+02
1.812268028384881688e+02
3.598471585975397034e+02
1.622975334943598114e+02
1.285429225141703284e+02
3.146096917944126972e+02
2.023249526621520715e+02
2.311279219284633086e+02
2.539984767922300932e+02
1.916234833496366434e+02
1.524282811202191112e+02
2.898914904441407998e+02
1.938249697035601855e+02
1.997408960719089350e+02
2.184342300008248117e+02
4.694374414358366607e+02
1.450612214864721921e+02
1.431245083051873621e+02
1.846317234377351042e+02
1.323854708609350439e+02
1.533872487466603616e+02
1.300761237358802305e+02
1.840322712797276665e+02
2.270880841975196631e+02
2.141506040491550777e+02
8.394110698134765016e+02
1.683744332930535563e+02
1.220973142605789974e+02
2.765330632682454279e+02
1.977671687403653209e+02
1.861425198006204198e+02
3.201956806001821860e+02
2.638725621212907413e+02
1.195028900179857487e+02
1.522565207561118541e+02
3.868405836576903312e+02
2.538084388696425719e+02
1.902751219782079204e+02
1.350436213170292206e+02
3.436560004204803818e+02
1.873739439073572157e+02
1.902949466865609338e+02
1.271932732813834122e+02
1.704378341640380370e+02
1.535830101003016637e+02
1.053145293929878221e+02
1.841904192647683374e+02
1.825392569416420088e+02
1.763941314120754100e+02
4.031224969175369779e+02
2.835679639709504727e+02
1.104115303664701315e+02
2.363795738673489097e+02
2.836551480599273987e+02
1.470266997079870634e+02
3.129854147200308603e+02
2.617848227524022491e+02
1.787139117180144012e+02
2.761456843378619510e+02
1.756437993969861395e+02
3.679023642777624445e+02
5.044540801874039175e+02
1.987155513635207171e+02
2.833655431782079859e+02
8.822493650058518142e+02
3.457500588874661958e+02
2.818648558028134516e+02
2.290257417326122038e+02
1.885896900879862415e+02
2.627596744272611318e+02
2.690025649036280697e+02
3.400467323641732946e+02
3.408168113496910223e+02
3.950408808753784342e+02
1.602986690281835536e+02
1.945378730466829040e+02
7.855836783692220706e+02
3.239526655076938368e+02
1.904964243600950340e+02
2.477117935032025002e+02
3.073181147318488229e+02
4.999000672661275075e+02
6.007485777317991733e+02
2.215906724597449511e+02
2.317318227737052609e+02
3.958698327098981622e+02
1.598491606373046920e+02
1.407296806065974408e+02
1.154600298373024145e+02
4.008739304228960236e+02
1.728305202003790271e+02
3.221377290281692467e+02
5.414633376803022884e+02
2.282771313291394790e+02
2.782439849775511220e+02
5.566727574461899621e+02
2.543145139053195862e+02
4.203876583902060702e+02
4.337799064232607975e+02
7.396114043202032917e+02
6.803369908740579604e+02
4.094669552932038528e+02
4.634067138085484885e+02
1.363499231665674642e+03
6.082631037096336968e+02
4.243980313004668687e+02
5.814429070774807542e+02
8.309132131935008374e+02
3.444647491836019526e+02
9.993356288701302219e+02
7.565411193895588440e+02
1.000169508356632946e+03
5.203136620783374156e+02
5.922337807245738759e+02
7.110380709208368444e+02
6.527389531081663563e+02
1.066459891796924239e+03
1.449349586929384486e+03
8.729908959848650056e+02
9.952166380780388408e+02
4.722873178990701604e+02
1.010571170155252503e+03
6.209592672160443954e+02
3.936612456409983452e+02
6.892206872281051346e+02
1.397606721151760894e+03
1.053228431631748890e+03
1.123457742489199518e+03
6.580270229942756259e+02
4.070610869598309591e+02
5.760825323622613041e+02
2.919492514235658973e+02
1.881289222435254942e+02
3.538646594253797844e+02
7.104180323290161141e+02
4.905249960298142469e+02
3.712544479334874836e+02
5.704503878572390931e+02
7.969596439963733019e+02
1.202909886002944404e+03
1.280003771759014398e+03
7.511020817133619403e+02
4.430963656255029832e+02
2.010156772022091900e+02
1.421302704566826947e+02
1.646659375730390877e+02
1.569511650097757922e+02
1.400279702556603070e+02
1.641635277848661190e+02
1.828308086484882153e+02
1.136808390796692265e+02
1.441477136433484816e+02
2.396264055496703804e+02
1.663698771191735091e+02
1.187121058210351237e+02
2.257893691397000282e+02
1.776099147276522956e+02
9.451291373825721109e+01
1.165321000781210188e+02
7.069348118441217821e+01
1.324847049763061761e+02
1.203127856325866105e+02
9.237335337170965488e+01
7.054428667641052186e+01
9.715689961104297367e+01
8.314490895987327690e+01
8.925486177600112114e+01
6.809067341823801200e+01
8.732218036540307082e+01
7.671970835144614398e+01
1.263970569254958889e+02
1.191172982180408582e+02
8.829054536258935570e+01
6.516906224963811667e+01
6.385236264262412220e+01
7.653313652833493563e+01
7.319065945208652124e+01
1.013057304433167474e+02
1.008219519223115412e+02
1.123003422142812013e+02
1.320935386798295781e+02
6.030232856502800587e+01
7.607953422791220532e+01
7.811551875319273108e+01
9.927246143227976916e+01
7.206494632324327654e+01
5.727871800622308029e+01
6.712708165960012252e+01
1.389124459307939503e+02
8.497795406936027973e+01
6.292654107084221948e+01
5.213200692324046770e+01
8.113917819704211354e+01
1.030398968960070363e+02
9.691330945169458744e+01
8.192684806151613941e+01
8.910498846424098929e+01
1.011480615868478026e+02
6.352452263660259035e+01
5.864883871136355253e+01
7.344607253823360793e+01
9.768617176270321067e+01
7.728123973194345808e+01
8.109146846593866087e+01
1.018943444371067386e+02
8.078793223987725014e+01
1.622632626637544035e+02
1.107119042111994105e+02
1.195149118614003214e+02
9.525985597355018797e+01
1.164391236158490699e+02
1.423113804203679820e+02
2.085958008678093449e+02
1.122777129203996367e+02
1.368216223039954400e+02
3.283032504061901591e+02
2.398852520639492241e+02
2.798789021871417617e+02
3.883718387432758732e+02
4.182360059346565322e+02
1.116254227237895066e+03
9.716835119875808005e+02
3.852461176604266484e+02
4.385700865070461418e+02
5.316582547982571896e+02
3.129466544863246895e+02
6.562897674936525618e+02
2.069884680235193173e+02
2.688670136934430275e+02
2.095632372799309735e+02
2.845781472067712912e+02
3.175751088533822895e+02
1.898092480313568160e+02
1.763931540498574861e+02
3.862579567366358901e+02
4.748194376535938659e+02
1.988594658400175206e+02
3.334308086449344160e+02
2.107246682606332229e+02
2.485372251158157724e+02
5.987393715225337019e+02
3.413891822106201062e+02
5.563760891748030417e+02
5.571347067840921454e+02
3.809504499099494410e+02
1.487123743748860761e+03
2.928822399556692062e+02
2.557936148145929280e+02
2.750332338010030639e+02
5.446124866670770643e+02
3.571257727735741696e+02
2.737136493239812580e+02
7.748672263461799048e+02
4.366319697990624036e+02
3.641304900885310758e+02
3.049346444604331623e+02
2.787749408967903264e+02
2.304719292272177427e+02
2.109238781458691108e+02
2.825805225354517916e+02
5.634214565653949194e+02
4.129212554363297158e+02
2.583892823413784754e+02
2.776831028546571929e+02
2.287769465115307241e+02
1.911704682436204337e+02
2.588463349491860868e+02
2.042365805285595570e+02
3.782167367030131686e+02
5.362460773407195802e+02
3.385586375432904447e+02
3.201097914585157582e+02
3.738973478013245426e+02
5.662296931006295608e+02
7.095666675014632574e+02
5.241882341070463553e+02
4.046740103960490842e+02
6.105704367538664883e+02
2.242811621193780809e+02
7.797856877550752870e+02
3.578126362075538509e+02
5.005865753606385624e+02
2.151826894951378222e+02
2.339160850346438849e+02
3.850223731904767419e+02
1.557310276106347544e+02
1.014193981417784158e+02
1.187706590527792940e+02
1.687347349936078444e+02
5.009225512243940557e+02
1.791185966718954319e+02
1.133738125777598214e+02
1.119190739224209494e+02
9.133544445242341681e+01
1.977139641539185675e+02
1.243412239470810903e+02
1.547257917379776302e+02
1.276610733744503676e+02
1.597772611927912010e+02
4.828019272169917713e+02
1.416227983846538905e+02
2.964986671242032230e+02
1.434325275261807064e+02
1.239901084319603655e+02
2.242821813736556464e+02
1.600734510121465348e+02
1.752322284802242791e+02
1.836837512080415138e+02
2.751625004078813390e+02
1.904078974414381946e+02
2.892143305488352212e+02
2.489941451378658996e+02
1.215630170318576688e+02
1.983205336887388910e+02
2.462521820337599650e+02
2.043158551980288848e+02
2.413756322613436396e+02
3.300227460192789977e+02
2.056758549075227052e+02
1.560977271247705858e+02
3.882372707093245481e+02
1.917391034142060846e+02
6.141520738390571523e+02
2.103867132486733169e+02
1.559369932133795373e+02
1.385820966780314905e+02
3.842103463332072693e+02
2.139899398382911215e+02
2.149165499098615442e+02
4.651043518438706315e+02
1.638037818785179525e+02
1.837520614800818919e+02
3.096782926501765019e+02
2.798390182077353643e+02
2.079347862812796279e+02
2.530814341473322600e+02
1.127858354386262647e+02
1.515876064720821432e+02
1.440565188473473768e+02
3.253090016257751245e+02
3.621690726802163454e+02
3.193856568040781099e+02
1.773195784844793934e+02
2.840369006216529897e+02
1.887855761911427521e+02
1.087074158464360920e+02
2.359895504575852101e+02
2.320516198109654056e+02
1.745132738246450117e+02
1.804939579140203136e+02
2.874574771389580405e+02
1.660796492588137312e+02
1.372897702061877681e+02
2.131962931387602111e+02
2.896895483140704073e+02
1.853947398176678121e+02
1.491433024264264589e+02
1.172530634699598409e+02
2.001286523210090706e+02
1.507648827575669372e+02
1.897164903258598372e+02
4.014823362669557127e+02
1.340203229557673694e+02
1.188174131655423196e+02
1.562537890501942570e+02
1.010692326048132230e+02
1.235598962202085147e+02
2.639338232504262010e+02
1.322201381186271192e+02
1.591496962685080518e+02
2.078096642959256144e+02
1.991880699097734180e+02
1.638518788797123875e+02
2.451771984780102400e+02
2.170200457768008278e+02
2.298435880585085727e+02
1.456231289407121210e+02
1.192640463652459033e+02
2.168128463371359658e+02
8.558537786465809916e+01
1.956420693152207662e+02
1.339272420932869068e+02
1.330404907721309371e+02
2.060956088090725871e+02
1.442563458539455041e+02
2.144352384949968098e+02
2.214474654231819386e+02
1.280042146382880617e+02
2.498303103148226114e+02
2.196077798515498785e+02
3.114651736416595327e+02
2.442162792297373812e+02
1.647847719770971082e+02
1.846814561804515620e+02
3.450422038688766975e+02
1.551245343036250688e+02
2.904516058609556808e+02
3.443673950575495155e+02
1.107630664745419296e+02
1.563812717209803509e+02
1.705884665177450756e+02
1.960644048234509569e+02
2.782108667550375571e+02
2.834474086769442351e+02
1.577273415683206395e+02
2.618256118652660689e+02
2.796741043751004554e+02
1.770594297452494459e+02
2.296459239556535579e+02
2.535216555086016399e+02
1.885859358466407230e+02
2.813738616552419103e+02
2.354231901076215365e+02
9.115088320727488735e+01
2.218318997521017764e+02
1.599933842803413313e+02
2.114081724274731187e+02
2.397780801139436164e+02
2.399964037225061873e+02
1.404825825303042279e+02
1.345695041143346486e+02
1.868621425838327923e+02
1.315848325990183696e+02
1.980034791584094762e+02
7.795578527586603741e+02
4.805894356215631547e+02
2.221611676763123739e+02
3.626577905847825605e+02
1.307939654705689634e+02
2.963569382960031930e+02
1.644868708617696313e+02
1.680735641581302389e+02
1.372099037576486182e+02
3.851694697601953976e+02
5.004153309506799019e+02
1.426870488088597426e+02
7.771752762593164334e+02
1.720734288039608657e+02
1.656364506265082355e+02
1.308102552762047992e+02
1.830119938271531055e+02
3.838652551439374747e+02
1.255425899165098826e+02
1.476484312369458394e+02
3.538054499417969510e+02
2.476842702137107608e+02
1.647302799479255668e+02
1.970837818550212432e+02
2.389202182410600983e+02
2.216065151338844146e+02
2.008091435491895709e+02
1.892788185276784816e+02
1.408216091872092477e+02
2.367701979719230962e+02
3.857782877104238537e+02
4.982252114721582643e+02
2.862424669953135208e+02
4.887182502902576857e+02
8.054525029408706587e+02
2.319277892888831616e+02
9.091594940957888866e+02
3.301653128923065879e+02
6.809759838634140579e+02
3.846988187448076815e+02
3.716309949981071554e+02
7.693980412734705396e+02
4.055826627599089420e+02
8.658620789615399644e+02
1.223177606493405392e+03
7.699693555395749627e+02
3.511139844856692207e+02
2.936517258752872408e+02
3.709963127826582650e+02
4.368475952154198581e+02
5.317854018975286863e+02
5.151655375404743609e+02
5.514021200725649123e+02
3.727539477804095327e+02
6.467332791568637731e+02
5.115482434251798054e+02
3.536345796409551099e+02
3.028734026630361882e+02
3.941492545180711318e+02
4.739670280013900197e+02
4.666082076862876988e+02
2.153224520958240191e+02
3.589977198092614685e+02
3.162876578881280807e+02
3.984809240937785830e+02
6.284680591306625956e+02
5.443258045116584753e+02
7.333585136013031160e+02
5.790630306328718007e+02
1.013709117033557732e+03
1.311179868943260544e+03
5.903013319723270342e+02
4.179352971942803947e+02
3.393152198971327493e+02
7.012876737161035408e+02
9.395220047514835642e+02
3.922926566112805062e+02
5.128951776528188020e+02
3.725069677269924000e+02
4.223368814479709386e+02
3.079650314676218841e+02
3.469417368010044811e+02
2.575799103152480711e+02
2.788440493837829877e+02
2.246813086461524165e+02
2.785363945460613877e+02
1.572677288415747228e+02
1.601384835992362525e+02
1.965362352152194774e+02
1.020168479088151940e+02
1.793038079653242960e+02
1.655463589248516314e+02
1.606674187612711933e+02
1.500692867722139852e+02
1.172732309283532999e+02
8.605977096580113539e+01
1.247000647124693842e+02
1.012412827903908550e+02
1.582986262820070920e+02
1.408156807644690502e+02
1.570657363593853688e+02
1.066675827002979844e+02
1.487009475235343530e+02
1.548602636475006875e+02
1.091916982163676835e+02
1.025815286366131573e+02
1.319773787668127909e+02
1.040665978469154425e+02
1.246034743912091045e+02
1.054665726017591965e+02
1.127056144010583552e+02
7.311909253880210713e+01
1.544144614763137611e+02
1.073174359803226707e+02
1.119325710641345069e+02
7.690178896125664210e+01
1.670989324990012790e+02
8.691685413035291674e+01
8.191077503431294815e+01
1.313411759172254278e+02
1.221022687381816638e+02
2.118720960411686463e+02
1.745677593480112932e+02
9.679550193501587785e+01
1.001830046837451249e+02
1.002021003360564180e+02
1.550908721130049344e+02
1.034478375183365131e+02
9.849694884420917163e+01
1.443602843112562653e+02
1.075240088467343043e+02
1.554237351861363834e+02
1.680286240352374989e+02
1.638683023990684831e+02
1.742760214040279436e+02
3.596112077952842583e+02
1.647541063483406845e+02
1.596202564496949776e+02
2.520093991329776770e+02
1.585904611208302128e+02
2.941526614784818321e+02
1.575943694779737143e+02
2.326007670948103794e+02
1.517977126990973034e+02
3.290339224372705758e+02
3.053438787408053940e+02
2.904467073335222267e+02
1.979752212952194839e+02
2.038591512822944480e+02
2.435677334366415039e+02
1.606592123121892826e+02
2.050602163313136543e+02
1.122657394091653060e+02
1.505313707167705104e+02
2.855601900564870448e+02
1.083425276268901172e+02
1.611818079955571079e+02
5.212693001042212018e+02
2.652343545562526970e+02
1.375106983225290094e+02
1.273916026487272148e+02
1.566683129239602863e+02
1.470321044909773605e+02
1.252667594651068868e+02
1.352726481414002535e+02
9.773554185283404649e+01
1.294159056095638505e+02
1.146876566243890352e+02
1.890176214904591632e+02
2.607867100066706598e+02
1.089415009990885750e+02
1.593903646851192946e+02
1.643700113242236114e+02
1.708529468713082338e+02
1.867977357990093026e+02
2.033898873144448487e+02
2.648555646956039595e+02
2.659165589822712263e+02
1.427653488544878257e+02
1.410106796266885283e+02
2.231151056856154753e+02
1.474223570291905219e+02
1.179138710035567499e+02
2.462439990289464333e+02
1.857146057097299661e+02
2.075313152099340925e+02
3.188965910928143330e+02
2.385144371517916113e+02
1.478769637603794251e+02
2.276527988451609019e+02
2.225710186896355367e+02
2.656117921950507821e+02
1.750186116723471343e+02
1.698556851224786897e+02
2.244365872102113713e+02
2.351973565074353871e+02
1.720771961454994141e+02
1.336541077425688400e+02
2.170217092451401015e+02
1.243711246434914273e+02
2.082220950782370608e+02
1.624603624038509224e+02
2.012632116287665269e+02
1.280080903585331669e+02
2.460943434213941146e+02
3.483761581702713102e+02
6.090628341825887446e+02
3.244800525166239709e+02
1.393915766136614138e+02
1.779806379607695419e+02
2.887908140025824082e+02
2.794646494785470736e+02
3.145326720557020508e+02
2.746211273742802064e+02
2.103553619623575912e+02
3.345567196608964764e+02
3.686105409882493973e+02
2.393434118233575418e+02
1.372552046306665829e+02
2.356817012915058456e+02
2.584635363333135842e+02
1.390352392959895838e+02
2.590044474060716766e+02
1.866579310526607003e+02
1.363719976384912513e+02
1.467131550993186693e+02
1.235405667060810373e+02
1.618239543288050868e+02
2.309151933322555124e+02
1.333663938903817439e+02
1.480327934192193595e+02
2.331810309444345535e+02
3.217033360434172664e+02
1.453894702475520546e+02
3.039297103926845693e+02
1.653234377396817081e+02
1.481265859213548879e+02
3.197608862663348646e+02
7.266694809547179830e+02
4.604576652841406030e+02
2.027863785038898641e+02
3.825236327925576347e+02
4.261693323704190561e+02
4.127152208512700327e+02
3.495077739386174471e+02
2.105895827717122870e+02
6.833472322190569912e+02
3.527752560643114066e+02
6.312030091433038024e+02
3.518606226199786988e+02
2.349229676815600385e+02
2.077776814091506594e+02
2.146112566997082638e+02
2.988258822580478409e+02
3.754307501264465259e+02
5.857563079745282266e+02
2.014050758240286996e+02
5.437312611332471306e+02
3.853163362489759152e+02
7.685039254433904716e+02
2.101665892340550954e+02
2.935161898747079476e+02
2.767874031691977166e+02
2.662523392688220270e+02
3.295866505252867000e+02
4.430057566130254258e+02
4.272947929412026156e+02
3.626882627611138901e+02
4.061196622815874093e+02
2.639196982427347962e+02
3.642549885086817198e+02
3.446051334122919911e+02
4.958051604384817779e+02
7.335214688623970005e+02
3.458268341178270475e+02
6.551413204797571552e+02
7.841188478281459311e+02
9.846422856696140116e+02
4.398732323764981516e+02
6.449570466702639351e+02
3.654623455621999710e+02
2.865338093523032512e+02
3.074933897826389284e+02
3.420438422442808246e+02
3.900320688501003588e+02
2.893836539416921596e+02
2.035791072428740733e+02
2.291231338823365320e+02
4.101894596013326009e+02
2.306554520357110221e+02
1.013508812047358902e+03
2.863974773297092611e+02
2.183828366969300987e+02
1.799304139769811570e+02
3.055463322555019658e+02
9.255663484816653863e+02
4.688253726008527451e+02
5.860162705220963062e+02
4.003633133897228049e+02
5.161547862057786915e+02
2.651395112783951049e+02
1.024185488097166171e+03
7.287428613202397401e+02
7.112833026183304810e+02
2.756097213030988087e+02
5.613734196754777486e+02
1.316912861068036591e+03
2.817143743810909200e+02
4.087964378932840077e+02
6.020676771441812889e+02
5.160355242848903572e+02
8.692388347542811289e+02
2.696900403384221363e+02
3.810796718814596034e+02
6.980731593821329852e+02
6.203894044548092097e+02
2.931509791520716135e+02
4.675968881356089923e+02
6.750619844367780615e+02
6.668533886861921474e+02
1.094889951065333207e+03
9.445794138338297898e+02
5.885055402967595910e+02
5.145168919834809458e+02
5.573475748466055393e+02
5.060556432054112292e+02
7.072220155207832022e+02
9.514360755944894663e+02
2.882235282311806372e+02
5.550705499648864816e+02
5.214514244888756593e+02
1.075618310041186760e+03
1.203272520371665223e+03
1.465106633495744063e+03
1.414719207866383385e+03
1.316770177477012112e+03
1.287757874317299638e+03
1.170794579649012348e+03
6.869288927829732074e+02
2.100124459993424466e+02
3.164359981762564189e+02
2.392190824273751844e+02
1.772298445408023895e+02
1.945443460030381004e+02
1.996463828589101013e+02
2.300253998304344805e+02
2.559577034472001742e+02
1.975290143734302433e+02
3.522442082076609040e+02
3.522847540157121671e+02
2.016532156519810428e+02
2.415895455115518757e+02
1.427958613890460526e+02
2.745506338190404563e+02
1.962971950986527645e+02
2.279940056385459854e+02
1.165439747770041805e+02
1.821001384333531519e+02
1.716643617677889040e+02
1.568388513983772157e+02
3.157558596251338372e+02
3.575365573004027056e+02
1.845174717809681226e+02
2.782344640789914365e+02
1.793169547309214522e+02
2.882159025531661882e+02
2.201098891222469263e+02
2.752851615838362704e+02
2.007738403116076142e+02
2.579887914274920604e+02
4.552420296729683287e+02
5.018387983199789346e+02
3.877509630031121901e+02
5.842660397089259732e+02
5.118242648404481656e+02
5.709243638103014291e+02
4.733217469671205890e+02
1.657928794311826834e+02
3.256467834522064777e+02
1.947580969310375849e+02
3.455854423120078991e+02
1.688040645162338365e+02
4.958284104916461388e+02
3.880072355214776394e+02
3.184630411254523210e+02
1.269936546243895208e+02
1.940291984243113461e+02
1.463609850111866990e+02
1.550105422888686917e+02
2.037923778296060107e+02
1.835276531420204265e+02
1.586872856974530634e+02
1.519544848906471941e+02
1.831876533437131798e+02
1.116858725629043505e+02
1.970086328617938989e+02
1.810754041439728610e+02
2.165595121497679543e+02
2.654018926700665020e+02
1.630991803338969532e+02
1.741312755073046787e+02
3.531239004022218069e+02
1.899895861702609352e+02
2.526876881401558990e+02
1.126726603269355849e+02
1.965407993761701562e+02
2.415623749061806507e+02
1.236871691553727857e+02
1.209893858175205281e+02
2.076098540565610335e+02
3.602481653580477428e+02
2.526397831927164930e+02
4.000659191710730624e+02
1.994009547008284926e+02
5.560097801508796920e+02
4.085444561860094268e+02
3.287732289275608082e+02
2.178801654732096722e+02
4.799286687080531237e+02
3.415051137020350325e+02
9.376853667702631583e+02
3.757768002167469490e+02
2.236643785603795891e+02
1.598684249638152437e+02
3.038049102926214005e+02
2.487959563083408625e+02
1.378046275205342113e+02
4.075773824350631003e+02
3.679955952843877753e+02
5.821082096482238057e+02
2.789367952738768963e+02
2.222867438618200424e+02
4.463701653210440554e+02
2.014166118523018838e+02
7.202847853087779413e+02
3.175373028903325689e+02
3.090564981831950035e+02
1.539238365664445780e+02
3.453858080676258737e+02
3.762346775255382454e+02
2.998012498049662895e+02
3.474201244396410289e+02
2.462140183910261158e+02
5.837016773892243009e+02
4.879812810517439061e+02
1.642002595746535576e+02
2.030913900184835370e+02
1.606930770965326758e+02
2.974409348878796777e+02
3.137876604443445103e+02
3.043260405865745497e+02
5.531054555863252062e+02
2.208637736911879301e+02
2.471587011236851765e+02
1.678028655839383703e+02
8.626931283692118768e+02
2.464362484394021067e+02
3.900354957119768073e+02
2.355456586703691642e+02
1.934103270501310305e+02
3.288278466077891267e+02
2.105886656845155187e+02
2.332244316817933907e+02
5.912257431532051442e+02
4.279172649008962139e+02
6.155756911015888591e+02
3.985217153648222848e+02
2.782550897403374393e+02
3.982847881984013725e+02
4.881350471895045189e+02
8.798851850226770921e+02
5.956277323846438776e+02
3.081123815121817415e+02
6.535984452974695387e+02
5.655198101514062046e+02
3.397400759987473293e+02
5.478377994910758844e+02
2.428436495323824431e+02
4.604269084694102503e+02
2.579721713994536572e+02
8.253488080717910407e+02
7.742732697016849670e+02
3.857891885919121933e+02
2.713905807071901108e+02
3.291389926384993601e+02
6.302420438304136496e+02
4.809538166302191939e+02
6.230751602042937520e+02
2.569449946769927351e+02
4.047672676375937613e+02
4.909460936229272647e+02
3.608162593433686993e+02
4.876468092405818879e+02
1.168637134601861362e+03
4.218073940051874615e+02
4.136933513367902151e+02
2.042672012598770266e+02
2.975941161200232159e+02
3.112709409208915758e+02
6.700992046146311623e+02
2.162837142188016912e+02
4.689210306788696698e+02
9.140567967307034678e+02
3.345973412909841045e+02
5.022514800706591132e+02
1.676412005923947390e+02
2.166504481088737464e+02
4.006769830198358591e+02
3.293501507571153866e+02
2.146113453473441268e+02
2.558262206029733932e+02
2.379884567499181287e+02
3.827944361893650012e+02
4.580024569553588663e+02
2.259391580309100789e+02
2.453251210210118813e+02
1.871682054311930017e+02
1.843952158326622737e+02
3.856100798910081267e+02
2.804169415558568517e+02
3.320598476834931603e+02
6.128002583042219840e+02
3.949944243369048422e+02
3.624780339387242520e+02
8.865555818744006729e+02
1.859839854325625765e+02
8.138729444847643890e+02
2.540913237312277033e+02
4.961921555106057440e+02
2.354692185562010991e+02
6.744029026026036036e+02
5.182388802494627953e+02
3.105232235762763366e+02
2.571882475890760134e+02
2.434342930239068892e+02
4.039401366283611878e+02
9.592168838592729116e+02
4.046805203954954209e+02
3.498950392708168806e+02
2.988818947647383197e+02
5.418837422303205358e+02
4.815335386871846026e+02
1.147455708493610246e+03
5.770367566641238000e+02
2.639318200466497046e+02
1.366637654801495955e+03
6.997920253956071974e+02
5.885762994401915194e+02
3.731521448597443396e+02
3.588035621421676638e+02
2.457846368031476629e+02
7.200644856170557659e+02
1.538401281609724265e+03
9.683776777168488934e+02
8.644942282555924749e+02
5.968395656371359337e+02
1.432670990121517889e+03
1.648076479217201324e+02
1.848213200405202485e+02
1.711217829137011393e+02
1.456675650492917953e+02
1.224320848922795193e+02
2.118889499646716104e+02
1.562245431180593869e+02
1.571719220323951163e+02
1.809239438069679693e+02
1.614543617644409323e+02
2.855381175035769274e+02
3.090946960516247373e+02
4.589716762189050883e+02
4.496595401171907156e+02
5.010783307770786905e+02
5.000340408887108197e+02
5.600775358726402828e+02
4.939159055878596405e+02
1.359318449451521474e+03
1.274045322991977628e+03
1.254869239266878594e+03
2.632258674351700733e+02
3.517118318593994672e+02
4.494242592020784173e+02
4.117792269556633755e+02
5.030367311352461570e+02
4.511775053058258322e+02
1.238254143805294689e+03
1.439788968003959326e+03
6.926796373467759622e+02
1.250263897523292826e+03
1.163498181502660827e+03
1.312033026533611974e+03
1.405244283381031210e+03
1.361264158997866389e+03
1.202157334545741605e+03
1.271753188798105384e+03
3.386599898822722707e+02
3.183382980098959933e+02
3.841350971055013019e+02
6.600147155402208909e+02
4.173011471032483541e+02
3.554958970387454542e+02
2.553767789928097898e+02
2.186348559131734248e+02
2.609842009885223888e+02
2.031081885166951793e+02
1.853597745927725384e+02
1.850924826570934272e+02
2.581666964638154695e+02
1.983385302577213452e+02
1.869655709439883537e+02
2.274276940815184673e+02
1.767170315403432141e+02
2.478385100103527918e+02
1.900260943467293373e+02
1.983913878485173541e+02
2.729404808085273544e+02
1.662774560644417932e+02
1.979899733634786401e+02
1.644243624109456334e+02
1.520202951010778065e+02
2.444267850989554063e+02
1.423429797602910298e+02
1.659112663044245721e+02
2.045949667359814441e+02
2.515415026878088156e+02
1.794127795888508956e+02
2.519666636669842603e+02
1.972690947251101363e+02
1.805354551816905371e+02
1.896387553431103754e+02
1.984300996446448551e+02
1.563594162918784889e+02
2.060345493268242194e+02
1.908600664988219364e+02
1.617534983055882947e+02
2.185214960738087768e+02
1.911162587508962929e+02
2.053014544273578110e+02
1.473566750070996818e+02
1.490280659476278231e+02
1.716144857407901725e+02
2.116746300320519367e+02
1.834340289962791815e+02
1.943476466707031420e+02
1.524791505106839509e+02
1.409482159911576389e+02
1.448787588728423827e+02
1.603775294921727550e+02
1.933061315449903930e+02
1.659282843409506825e+02
1.938889105121446050e+02
1.382492462030466527e+02
2.167613008662014522e+02
1.503948876381865034e+02
1.724524984316442442e+02
1.806684896602634183e+02
1.808005165938399443e+02
1.410519528753331429e+02
1.569176162606133857e+02
1.342636867075217424e+02
1.544205593562284093e+02
1.435677465124793741e+02
