1.676563905731555693e+01
1.688730742948958508e+01
2.960961573889877130e+01
1.357848991060624044e+01
4.691899379940947767e+01
1.115360814273575762e+01
1.817782568770829599e+01
2.672317798398327326e+01
2.701515724191180823e+01
1.583815025709962399e+01
1.805556155587611755e+01
2.036433005618706460e+01
1.240643984897118379e+01
2.337773637962691708e+01
1.233283627456045117e+01
2.409489826024801218e+01
1.547992973270913986e+01
2.217351027752923542e+01
2.588207772264693318e+01
1.525406704995471330e+01
1.168285240109822354e+01
1.188011267349675393e+01
2.408484061853711111e+01
2.640941113031209397e+01
2.267402382351899703e+01
1.405354604507894933e+01
2.735940931835213519e+01
1.536156989442186749e+01
1.502268035984343086e+01
1.191149858060310507e+01
4.182823113283091487e+01
1.192262407561748994e+01
1.120704356335597396e+01
2.321248060095389931e+01
2.470626931216082767e+01
1.210325874240639266e+01
1.874126516140486842e+01
1.146992652066776053e+01
3.261001372887933769e+01
1.448087215082744095e+01
2.102337690197312270e+01
1.512626032884542226e+01
1.793561512762434518e+01
2.243396646220866941e+01
1.635174807280733944e+01
2.090510894474637027e+01
1.709397016199946151e+01
1.229453487581722726e+01
1.841968044457429343e+01
1.029274482792734702e+01
1.300877303795205719e+01
1.399102863652656659e+01
1.567123339701157825e+01
1.285470888814060331e+01
1.844729557831303879e+01
1.770918066128739099e+01
2.283426095486412777e+01
1.675972169572886727e+01
1.245073698336594603e+01
1.513153637550450803e+01
1.599146269394445952e+01
2.321668709464697145e+01
1.490998850531702224e+01
1.358330702819348446e+01
1.397782544636173618e+01
1.187554983626384697e+01
1.068777223203240467e+01
2.239074036897407893e+01
1.310789250767735581e+01
1.653266344261401244e+01
2.091124001343862204e+01
3.636323278991402930e+01
1.311087964000961392e+01
2.539344237817044103e+01
1.328352109440823803e+01
1.893332137867667342e+01
1.385146722916827500e+01
1.227324646493350357e+01
1.011595000307546499e+01
1.350152358505298622e+01
1.147671845584070383e+01
3.314836477886126431e+01
2.142530308130967143e+01
1.861043805375156523e+01
2.224820741507760147e+01
1.368204990519057240e+01
2.212428812155638624e+01
3.072767653741005134e+01
1.803295351152421588e+01
4.104101051457520555e+01
4.587857689873877121e+01
2.625909291157804404e+01
2.243947625043287886e+01
2.875854938255515592e+01
1.160368967971908027e+01
1.983309397155057496e+01
1.870941420642425257e+01
1.383415883309355898e+01
3.892316204823081449e+01
1.851352383991559236e+01
1.335222451252544218e+01
3.347596371745208188e+01
2.072408617752178372e+01
4.649553641882871347e+01
5.016686012515005189e+01
2.511514107062195222e+01
3.171906368545440102e+01
4.880878245726246689e+01
9.494033802968203872e+01
7.142367258496572902e+01
9.985426203142141333e+01
2.989022666192763822e+01
1.735278680541588017e+02
5.949568958489545167e+01
4.961189243439048369e+01
4.693495633135680123e+01
2.397753551211557266e+01
4.449987512631665965e+01
5.474072854310764313e+01
6.568786346698298928e+01
7.505126788167530094e+01
2.670584463032307454e+01
7.237216795941040459e+01
8.106985371016708086e+01
1.077613264552941104e+02
1.985523070206987484e+01
8.735016670020264939e+01
4.262667553143145227e+01
3.757265750685061079e+01
4.247441933614702236e+01
1.265546234948805733e+02
3.197192109550504568e+01
7.428801923378829031e+01
8.736169503006044579e+01
1.164491610248354334e+02
2.813623505749116305e+01
5.489957558045371400e+01
7.796474182550186072e+01
7.790733923144863127e+01
4.037733148770098524e+01
2.358538461954008625e+01
5.971851449371218479e+01
3.690538740212592472e+01
5.931842948200215915e+01
6.008758792979722330e+01
3.871470836013605776e+01
3.696539572864927692e+01
4.785365685735188634e+01
6.455686009211186160e+01
1.758590686291387613e+02
1.360351830110573985e+02
1.062467670982353241e+02
1.001295626750686978e+02
3.341027994577383708e+01
1.022161423569281169e+02
3.152320400140072110e+01
2.800629880842308594e+01
5.530114430868812292e+01
3.171575136738096745e+01
5.703743861245879287e+01
2.528401035245207140e+01
6.011972156197741413e+01
9.637043007841002407e+01
3.486492550115425360e+01
1.294699768925192416e+02
5.088384068882901090e+01
5.847200191336524711e+01
1.047298146329842155e+02
7.460682575206325851e+01
5.957240603368837384e+01
4.243693495388406234e+01
8.140215709977184133e+01
6.879084389472747318e+01
4.526969199797876797e+01
4.666206309062948776e+01
3.200265536969702396e+01
5.921440013464596319e+01
1.235678825974906232e+02
6.164143373108259993e+01
3.632611175886476929e+01
1.446289622644505926e+02
4.057647511634305459e+01
5.466310576619649453e+01
6.645576383388603858e+01
6.842725392824445407e+01
7.820044546979683275e+01
8.396766261429436895e+01
7.890356790796126063e+01
6.271493624133668021e+01
9.792575734739293125e+01
1.305976933983927495e+02
3.465202201873132992e+01
1.383814677398812591e+02
3.818564413150390635e+01
1.111168791994474674e+02
6.317187451135238518e+01
1.136739316693934114e+02
1.297189873061143146e+02
7.548435209683250946e+01
3.140825417805966140e+02
1.419004069035483724e+02
6.728873956763325737e+01
6.245240475003875957e+01
4.657395339678825508e+01
9.090716223004621099e+01
5.292228158712799058e+01
1.603332746493015293e+02
5.778866145804858689e+01
9.715152600605611610e+01
1.684896631316199205e+02
9.506872371277233924e+01
1.013032706115503458e+02
8.689217127796973728e+01
9.773623073801594785e+01
2.921852690719557799e+01
1.350083785180506482e+02
1.042691033639170826e+02
4.905092126463109281e+01
6.330199646240606626e+01
9.620986161254275260e+01
1.231381620895599838e+02
1.532836245600316261e+02
1.054184753940315460e+02
1.711258561914359859e+02
8.847184644180212842e+01
3.558159506009886854e+02
2.398769478082674311e+02
1.997611428039264183e+02
1.322514550635526973e+02
2.960748675991954428e+02
1.124812744075749293e+02
9.392017001450446401e+01
9.015636565574331485e+01
5.144248356067991779e+01
1.665301191146853057e+02
6.828473150709228889e+01
6.446601799462233373e+01
5.446948779084837611e+01
4.142598223530391266e+01
4.479951279760078364e+01
5.194025176572296942e+01
4.814322728864072332e+01
4.886556214927154684e+01
4.887113097230395198e+01
7.066632623675619129e+01
6.218503471382879866e+01
7.122372026120415001e+01
9.436503335791138625e+01
8.403072889141910196e+01
1.021941814520883725e+02
5.515558096634721608e+01
4.313643592333997390e+01
5.116146210852748055e+01
4.055007356027896037e+01
6.198432479963452124e+01
1.853539386338482871e+02
6.964791654196248771e+01
1.128404020038827724e+02
1.965912497366146567e+02
1.263546442202678577e+02
1.635440406088602288e+02
2.577181647970558060e+02
2.122144368443127576e+02
1.482872699419784226e+02
3.131287531424624717e+02
9.782029991897083221e+01
1.178709778889080582e+02
1.489141129820177127e+02
2.853847755998310163e+02
9.760162289755909626e+01
8.464793030907569005e+01
2.509834805998326885e+02
1.134927870313575511e+02
1.258888311699549547e+02
3.391720582283737713e+02
6.759492005123996705e+01
1.075079895945890485e+02
8.943030032523121520e+01
2.260977753376107842e+02
3.238446557414717404e+02
1.274697967966299927e+02
1.518697143662462565e+02
2.742380017770229870e+02
2.057575892635132675e+02
1.195968849217823049e+02
3.136160727181127186e+02
2.572915364365368873e+02
2.413305893132072697e+02
3.019213576817278977e+02
2.648855429765542908e+02
2.269878304684481236e+02
4.238985771423137976e+02
3.371334402617685555e+02
2.156446071218030340e+02
2.642918173374906132e+02
1.797995378836803866e+02
3.037085567879778978e+02
1.415470214046273156e+02
1.491436717583724203e+02
1.845306089923098511e+02
3.190575443349309808e+02
2.340217800964980484e+02
1.254670143672083924e+02
3.739915221777595775e+02
1.597894968706045233e+02
2.425513173425696891e+02
1.639889338848899740e+02
4.325844804908520587e+02
8.397666081492918693e+02
3.396164369855407585e+02
5.611132526164088858e+02
1.898212165539293892e+02
3.110883687725572031e+02
2.421661414858196224e+02
2.546072571444162520e+02
2.510423760070843002e+02
3.487265774817764736e+02
1.510533876052049607e+02
1.078945165331730777e+03
3.297160523780113976e+02
3.454324591765856667e+02
4.866249815752236145e+02
2.760927835477757526e+02
2.602173972840101897e+02
2.982173257022039365e+02
3.138528547199721856e+02
3.443245358396350184e+02
1.138808818700234298e+02
3.004933294300141142e+02
2.035642084816209660e+02
5.590420824389969994e+02
1.672086916684384050e+02
4.946545394763594459e+02
6.118268452397957162e+02
3.469226716759206965e+02
4.900156032031715085e+02
5.778422158848545678e+02
2.913356334378128736e+02
4.781906568019825841e+02
2.775669317126570377e+02
3.210700374697822781e+02
6.186367736612353383e+02
4.101931254101072000e+02
5.333081279042531833e+02
8.045276093052647184e+02
3.011845404956836774e+02
5.831938356748489696e+02
3.258918422258379337e+02
4.689633011288204330e+02
3.460800077665624030e+02
4.040795375684523378e+02
3.576894846263807040e+02
5.390561065432117402e+02
3.077506810378040996e+02
5.276157053738314744e+02
4.280424310825426346e+02
3.570647955781993232e+02
9.257364878918170916e+02
2.384015070009674844e+02
4.393590088729960144e+02
2.774741564711722503e+02
9.329467812724362830e+02
5.622293122006457224e+02
7.137526176602161740e+02
4.638383877210287665e+02
4.111859051627351960e+02
3.603536711625114890e+02
3.224504026700040527e+02
3.966827980836388861e+02
2.056134277177893068e+02
5.114687314944638388e+02
4.715324374689769229e+02
3.049330201931771853e+02
3.184850811006523372e+02
4.284531696676043566e+02
4.347529987207342970e+02
3.079737258338376478e+02
4.157447859332613689e+02
3.488075511790621022e+02
5.900709953782957200e+02
8.692492329967154774e+02
5.632136649501438797e+02
4.552404157188221916e+02
2.926393983665873293e+02
6.578248843482355142e+02
8.301952553027224440e+02
4.271327710239156090e+02
7.955715419485429720e+02
6.183259461925663345e+02
4.409655419146715758e+02
2.156766205399904663e+02
4.653541295485562159e+02
3.777581770270023753e+02
4.396820142143583325e+02
6.534289908067333954e+02
4.748410902111918404e+02
4.359617745453135171e+02
3.875317198250975821e+02
4.555802159531500024e+02
5.316972678278571038e+02
5.352399345809607212e+02
5.240692449944241389e+02
5.591491681197511525e+02
3.708271618100407068e+02
5.551649585573060222e+02
5.602142786140356066e+02
6.314551343705660429e+02
5.030088886158577566e+02
4.234318422107453443e+02
2.159612043751096166e+02
5.908049086144749253e+02
3.648013666338551957e+02
1.169224572014230034e+03
8.371152304999866374e+02
1.105361107086819629e+03
6.052672848261511263e+02
4.535806301691272893e+02
7.471493281444710419e+02
4.223584052276489160e+02
1.093758383095161662e+03
9.883639269874206548e+02
9.081510666542379795e+02
7.620938844783049717e+02
8.315050484471554455e+02
7.369071127566028281e+02
1.357796135421267309e+03
6.212444136271810748e+02
7.377676903401177242e+02
4.473850796378206951e+02
4.473814674619688390e+02
4.082643686816383592e+02
4.516143626278909551e+02
4.923074436527844000e+02
6.148035533052515120e+02
5.220413702038985093e+02
6.638291985192462334e+02
5.309537016373019469e+02
5.486132099963153905e+02
9.608403992603323331e+02
7.948978257112954680e+02
7.000694208737292001e+02
6.943884715961972915e+02
1.310107170223241155e+03
6.519461256128565765e+02
5.016090065983748332e+02
5.140079643460572925e+02
5.662149791669027081e+02
7.636473985481522959e+02
5.208562777668183799e+02
9.630493404836930722e+02
9.489392220010738583e+02
6.114374042481822471e+02
9.236719751703675456e+02
1.315184902290541913e+03
7.564304080307897493e+02
5.228213316754679454e+02
3.770494977483887169e+02
5.851290183018137441e+02
5.312981275419818985e+02
7.709134837877426207e+02
7.996038159046781857e+02
4.528875280365422782e+02
4.303290383935677710e+02
6.219284007415326414e+02
6.107871986782843123e+02
6.874413883160208343e+02
6.573457411631623017e+02
6.736854599259236238e+02
8.198541589630199269e+02
1.322016034027359410e+03
7.826027841593900121e+02
6.843129524021622956e+02
7.494085624734473186e+02
6.255648679649715405e+02
6.060317134882332084e+02
4.986591203696002026e+02
3.771732231584903161e+02
3.730469350122812102e+02
4.600077545005568140e+02
4.560234156035747333e+02
5.429892584838540870e+02
4.654377994654628878e+02
3.751018542798400404e+02
5.085433656767676780e+02
4.786718518000662925e+02
4.760244360226487288e+02
3.149921775566317024e+02
5.672093562465148580e+02
5.694577978722403486e+02
5.667293752668554134e+02
7.327391498647998560e+02
8.285368837787714256e+02
1.056225884206633964e+03
1.164089516662062806e+03
7.693195056266484926e+02
1.391498171500843455e+03
6.013355877163994592e+02
7.101434236959408963e+02
1.353659593780359046e+03
1.080420119974113504e+03
1.284238495700672274e+03
1.036585473032832624e+03
1.163579891223337199e+03
1.393225673640508376e+03
1.173905630886505605e+03
6.532644550926739839e+02
1.040568568677593248e+03
1.432305985897866094e+03
7.848067030433824129e+02
1.167725443144745441e+03
5.180582528447304185e+02
1.205524945902915306e+03
1.009418766889349740e+03
9.315846757089891526e+02
8.739432581264881037e+02
7.113238233720285280e+02
5.121984424298266276e+02
6.263422749764400805e+02
4.938997694511214718e+02
5.242685926938936518e+02
4.580059358297092444e+02
4.662028660430497098e+02
5.109223371816585200e+02
3.575976556424267869e+02
4.230857229944152209e+02
4.621678974805760731e+02
5.198192460134184785e+02
4.225918276131447442e+02
3.706597977921624079e+02
4.282878237279961695e+02
3.312856599903168444e+02
3.170276352698135156e+02
2.225649938560596297e+02
3.769242104955905575e+02
3.015761000402926015e+02
3.130297894987731979e+02
2.787797335270331018e+02
1.486559486251503301e+02
2.599238862343153187e+02
2.524802344847379061e+02
2.915895370551438646e+02
2.539251609859723260e+02
2.486005310365954415e+02
3.171251215431603896e+02
3.373667596189553137e+02
2.848764584606674930e+02
3.667010230041093450e+02
3.232961920310776804e+02
3.806354364908851267e+02
3.707327074279376120e+02
3.466612146341381049e+02
3.010164513514667988e+02
3.429831391317815132e+02
3.305451441192624316e+02
2.700037797362242031e+02
1.902030030545518287e+02
3.350309538612321489e+02
2.650607279665838405e+02
2.919835304981397144e+02
3.847722230436538098e+02
3.198745288717425410e+02
3.080789928757768621e+02
3.574713660404377151e+02
2.459216357266184616e+02
3.138858969815331079e+02
3.416067439495885765e+02
2.320857045673395760e+02
2.846598750031553777e+02
2.521290456677656948e+02
3.047472635772666649e+02
2.705736487270824568e+02
2.388269786203686067e+02
1.924618340187944625e+02
2.378717744070933406e+02
2.204921451886650345e+02
2.764546058757871378e+02
2.504369997629473232e+02
2.174111407218179011e+02
2.127233035053898789e+02
2.212217327369507700e+02
2.362359551221812239e+02
1.984027366028655024e+02
2.404393102418427475e+02
2.182323430265737727e+02
2.448409523275558968e+02
2.360652540999131475e+02
2.213856212087184474e+02
1.935570107490511020e+02
2.607591521389127820e+02
1.870097952770917971e+02
2.570290944852248458e+02
1.869546772637516483e+02
1.547272690970287385e+02
2.198596171603401501e+02
2.003783134634555836e+02
1.669798629613838727e+02
1.994452486945890257e+02
2.522425484661762596e+02
1.939168675175271801e+02
2.148619940663146224e+02
2.242807273129608063e+02
2.150797435533920350e+02
1.937726763038865556e+02
2.541433263551372761e+02
2.142830964539211891e+02
2.803493092564650624e+02
2.630819821401355512e+02
2.514946068091519180e+02
1.964734995786420768e+02
2.897248693154137982e+02
2.637547735038318137e+02
1.932150303980666024e+02
1.811054989054061650e+02
2.487244539092815785e+02
2.117550555030918531e+02
2.442976418292267056e+02
2.571064293420489548e+02
3.382637586037186566e+02
2.433303988862973881e+02
2.613467613565845795e+02
2.668633381365260107e+02
2.365767752555947254e+02
3.010228050329976099e+02
2.318305789601627680e+02
4.065057022742765866e+02
2.829777195313031939e+02
2.748905031188565999e+02
3.352361119849294369e+02
3.605177228266730936e+02
3.132064060265026342e+02
7.152898314503736401e+02
5.845482090299027504e+02
7.510903588833468802e+02
5.966793689895157513e+02
5.232651093178950532e+02
3.759177049463952471e+02
4.471746637570535654e+02
4.917035918861293453e+02
4.148731759844064300e+02
6.397144188373300722e+02
3.027901657900798682e+02
5.315532778573291353e+02
3.657372301482371881e+02
4.097936554866375332e+02
3.284831094259674273e+02
4.531993733426819517e+02
4.883443580511845994e+02
7.165985827139850244e+02
5.278064836771839055e+02
7.711511529437394756e+02
4.833845297993632926e+02
5.936628701312124576e+02
3.269997550868416738e+02
2.921441729645001715e+02
6.177930888432342726e+02
3.463055303772397906e+02
3.329611001284603162e+02
3.613251813895415125e+02
4.375598095688176272e+02
3.938733222203347282e+02
4.202511405529727426e+02
4.143612263493992600e+02
3.422858784705011885e+02
4.251061891019827499e+02
3.912978530787326008e+02
6.261886045161789980e+02
3.087971238935857059e+02
3.787699798029912586e+02
3.517225564325439677e+02
2.408536877097580202e+02
2.567695531360684527e+02
3.609336583970272159e+02
2.095406732781483186e+02
3.430476961270323955e+02
3.547713722963160308e+02
3.595597097336570869e+02
4.535714434003523365e+02
4.151816054363638955e+02
5.727937143753023292e+02
2.576512754702272332e+02
4.121300437971009387e+02
3.495383158764635141e+02
3.248416928180963055e+02
5.871292577889155382e+02
9.064819766231540825e+02
4.279968591438987460e+02
5.514296388544453293e+02
6.042422309190804981e+02
4.079631284143733865e+02
8.133073415392917695e+02
7.565836471892516784e+02
4.863144009918291886e+02
7.612961081998704458e+02
7.717876606969964541e+02
7.893364088476080269e+02
9.549317791688006309e+02
6.780061273009919205e+02
6.826023152566925773e+02
4.025389799434226461e+02
4.524293934914179545e+02
6.171796454222778721e+02
4.545237943107241563e+02
3.987502655567957959e+02
7.370456297450739385e+02
2.600331216766222155e+02
2.516669746185291956e+02
3.118961412453462572e+02
2.015954144189156523e+02
8.620871657447391954e+02
3.095257257979808969e+02
4.362816241912821624e+02
2.881297860674882259e+02
4.102426491545689373e+02
4.244066242902466115e+02
3.140549981195663918e+02
6.317933952004287903e+02
2.853994040437663102e+02
2.147296486114600214e+02
2.369094583758526937e+02
1.920563866360247403e+02
2.259979027365951652e+02
3.274122140250528332e+02
2.699435212800981390e+02
3.208231882036089928e+02
2.002490296737010453e+02
2.128715366475558994e+02
2.645361637794035232e+02
2.429990479318734060e+02
2.439904308823437589e+02
2.921402878874714020e+02
2.004861772849850468e+02
3.185377403668879310e+02
2.376914126561648004e+02
3.323853446073131295e+02
2.060741610232206540e+02
2.466224726591066485e+02
1.515681500217263249e+02
1.585834612331253766e+02
1.686191733117168496e+02
2.157935692028332255e+02
1.889545551009667861e+02
2.711094741862654587e+02
1.568702921388393179e+02
1.578362809720380824e+02
2.427701084350373151e+02
1.341019026634205318e+02
1.691449907301037285e+02
2.323968765539307242e+02
1.831573661571214302e+02
1.537036053095004888e+02
3.218057090121644137e+02
1.668943015793311133e+02
1.311918515546625486e+02
1.625632354626740437e+02
1.605317360880314368e+02
1.637482006107456982e+02
1.499575375486545852e+02
2.034093849768467521e+02
1.983819853835463221e+02
1.784223365004336586e+02
1.886919436147062470e+02
1.702891565817849369e+02
1.734774378067903626e+02
2.560920905840625892e+02
1.766605370231223162e+02
2.237442229116040266e+02
3.260153773600958971e+02
2.176003820782712239e+02
3.600224974332455190e+02
1.692022182998833557e+02
2.533182815107744545e+02
2.900390253309627155e+02
6.193804110020782900e+02
3.272599908190990732e+02
3.406435761739305690e+02
4.762882302481556849e+02
3.457628554583687333e+02
3.596251749694183104e+02
7.473108643029901259e+02
3.503250626094589961e+02
4.424123785225058896e+02
4.965332027230423932e+02
4.783054718376843653e+02
3.382281273234897867e+02
9.122585543129625876e+02
8.897256251952735511e+02
4.119734702311855017e+02
3.764580561725396706e+02
5.419396237164900185e+02
5.507244977130178540e+02
4.172340571727862084e+02
4.099564733395935150e+02
4.385961416565117474e+02
4.075461053563547580e+02
4.195084806962003654e+02
4.419503649336326134e+02
3.685891122020335047e+02
5.855782416579120309e+02
3.007024747839714109e+02
5.767558346490205849e+02
5.267132460672820571e+02
4.330415329271226028e+02
3.932367184106624336e+02
4.340564139577192009e+02
3.360146529437274694e+02
9.813170020641606470e+02
4.969809885910820526e+02
3.397443759481274128e+02
4.312365327250598739e+02
4.287575221238167273e+02
7.107921285852008850e+02
4.952541428979523630e+02
4.755207638145403166e+02
4.144664733989682190e+02
7.478740048915897205e+02
6.315240454049070422e+02
3.673461250962332656e+02
3.320345032246838741e+02
3.818740955667132653e+02
9.718019348192578946e+02
3.585163407127865867e+02
3.184127737754971577e+02
2.739248890547418114e+02
4.375140491220724357e+02
3.330072773387104235e+02
2.812358699698863802e+02
2.800918553993851674e+02
2.768092811045753479e+02
3.969839314329224180e+02
2.646385602196658624e+02
3.903279288889523286e+02
3.648259762926293206e+02
8.723595989984953576e+02
2.874466126045304009e+02
2.259083782123796311e+02
3.035678434622715827e+02
3.977332718193588335e+02
2.541689604072218174e+02
3.340289176297956715e+02
2.523169026712784557e+02
3.157745044613294567e+02
1.886602555603811027e+02
3.287092810399109339e+02
2.497321855199186302e+02
2.449318804095198061e+02
3.743215315009434221e+02
4.486785399506163685e+02
2.467240763904878804e+02
2.146805552767746974e+02
5.011469483673785135e+02
2.268043186211725697e+02
1.893293660785549832e+02
2.598772663933352760e+02
3.489526553122912560e+02
3.158904911295578017e+02
2.394601349328443973e+02
2.501567697388725264e+02
4.988732566161810382e+02
3.888363997145638109e+02
3.190737978848324587e+02
4.610513864905875607e+02
3.973471015196995495e+02
2.897852525203581990e+02
3.393952813523565055e+02
4.545211913938618409e+02
2.844472642500922461e+02
2.252169985692381715e+02
3.043808818422831450e+02
5.701777170302357263e+02
5.152042612923596607e+02
6.250304398196923330e+02
4.121148400887278171e+02
2.675004444690391665e+02
5.679259679763395070e+02
2.671032899356370081e+02
3.193616724842239591e+02
4.577111496282740291e+02
6.924093399433234026e+02
4.663356775644041363e+02
2.618744994005529634e+02
2.821569660032625393e+02
4.367718764191498622e+02
5.169450483938071557e+02
2.638341502827249769e+02
2.740750024894088028e+02
4.894500303698808352e+02
3.116022343697325709e+02
3.044847770810317797e+02
3.014507139639998741e+02
2.294905258797501517e+02
6.717165062711774226e+02
4.684857533888802550e+02
4.463824424280538778e+02
5.438016256598486962e+02
3.622150334862706131e+02
2.100620424708832843e+02
1.758298255030514667e+02
1.573262050972512043e+02
2.949981691194934115e+02
2.754216186602849348e+02
3.049105721983843864e+02
3.037035084625907757e+02
2.701863681822173362e+02
1.720337777107695842e+02
1.843375276197296273e+02
3.119729432100500048e+02
3.429920159878835761e+02
4.612173735322510311e+02
2.490118594946926009e+02
2.816748804373744406e+02
2.039862129563395001e+02
2.498034727413806309e+02
2.167889212335790035e+02
5.240890202081019424e+02
2.614446152636589886e+02
2.562930885685235012e+02
6.116867571618690818e+02
1.940771392873985235e+02
1.735041813136494113e+02
1.494702390971670525e+02
2.981796012948707357e+02
3.355011308091919204e+02
3.082584234547472875e+02
1.410714904789307127e+02
2.968823976480516080e+02
1.500479085203531611e+02
1.794288561395969737e+02
2.266278861028572464e+02
2.288449672651057369e+02
1.700571425691266256e+02
1.463326089167111377e+02
1.654745519683324915e+02
1.267975455813069772e+02
1.616000732072432697e+02
2.673850534459266441e+02
2.364791584566569043e+02
3.034823449251529155e+02
1.548492639016243686e+02
2.353604989872191311e+02
1.140823284412597900e+02
2.062564647708035181e+02
1.239946904292477114e+02
1.669235909501027209e+02
1.246400079563547649e+02
1.159538590865129493e+02
1.136369203195884126e+02
1.702475852620195553e+02
1.195526606954623219e+02
1.721222909836100143e+02
1.221178439521705172e+02
1.353151752817239242e+02
2.171506379230735604e+02
1.516736832710794829e+02
1.114808033260181048e+02
1.911187527873138379e+02
1.806351371965399153e+02
1.060080055626639393e+02
1.050076712244946719e+02
7.830618003217803391e+01
8.135754514067861010e+01
6.280389108941317744e+01
3.205947769713458229e+02
1.160197565583895596e+02
1.247347004097572096e+02
1.207397259419944220e+02
9.749979332657939324e+01
1.464842056462521214e+02
1.510363205360566781e+02
1.061323071291634506e+02
1.009161862132530985e+02
2.407164345638380212e+02
8.355204856134804459e+01
6.649228843911772913e+01
1.515793695447107154e+02
8.250799034527939568e+01
1.492838649457391682e+02
1.522989053737738914e+02
1.162266739184016018e+02
2.073043565437394022e+02
6.003737311851919856e+01
1.352976797692299158e+02
1.619357779958911010e+02
6.181537891875706947e+01
1.279754943363697350e+02
1.238935282826008688e+02
2.426613603220472157e+02
9.214055793978336339e+01
2.233738628032463112e+02
1.573401095027682857e+02
1.342386405089988841e+02
1.057286751283382387e+02
1.217506488661749557e+02
2.378499399330807762e+02
2.240377785231276278e+02
7.824997302361676077e+01
9.960821929566266419e+01
7.112483802488765150e+01
1.112420729606809715e+02
8.358481568018729035e+01
8.835866430879963218e+01
1.067991863794637339e+02
9.885560732701560482e+01
9.377678356749885324e+01
7.129602984133924792e+01
1.895054133452138956e+02
8.921729785885419517e+01
2.382913233423491590e+02
9.275273308643991754e+01
9.167432420091836320e+01
1.185839501783076031e+02
1.957650608076006904e+02
2.591168725595599653e+02
7.732183848750955235e+01
1.178006571631028407e+02
2.091635382435427744e+02
7.979247135605905328e+01
1.071514516805490445e+02
1.055243683695675116e+02
1.535104349137583597e+02
8.717171877938758939e+01
7.914294919198442813e+01
1.228941392661647001e+02
6.100056085428500552e+01
6.906279616391614695e+01
7.141170432383722755e+01
9.020856732631028763e+01
1.383081547235647122e+02
9.911857606387377473e+01
1.037213904286426924e+02
9.782213205711563830e+01
1.175859255341435983e+02
2.006929066337493737e+02
1.000088678734023091e+02
2.241012207638643474e+02
8.769196965629402030e+01
1.704438604068125187e+02
7.447012145807914862e+01
7.627391209800619265e+01
1.886686008772009870e+02
1.321641706173865884e+02
2.524344082584152318e+02
1.144494303027324094e+02
1.530193416299821365e+02
7.887100649248590400e+01
1.123962307797299900e+02
6.550070589811244304e+01
1.930531464148771477e+02
1.040721412855953929e+02
1.339718264320594585e+02
1.422232181761323773e+02
7.911241992263610712e+01
1.877637546301041596e+02
8.255991072465312186e+01
1.060146499386604830e+02
9.561950071727666511e+01
1.591838116798530223e+02
7.273762711558568128e+01
9.878729761067060622e+01
2.724928286812985903e+02
6.397449231679302528e+01
1.278176951005610533e+02
1.022048092711161047e+02
1.854704745474900847e+02
9.014606280211866363e+01
1.025398261753683613e+02
8.248786518258272338e+01
4.444165192194843144e+02
9.757627620589097717e+01
1.093937634841061310e+02
5.581146093934000874e+02
2.326361503108658155e+02
3.085269944469616235e+02
8.750752385675653500e+01
1.508306710671981250e+02
3.132879953524840744e+02
8.037701663107927175e+01
1.111894975599587809e+02
1.074960545347223189e+02
1.712092597122015150e+02
2.462443570376390198e+02
1.570016705983073848e+02
1.592340193560316379e+02
1.264121926431860885e+02
1.513520855737517365e+02
1.115806987736904290e+02
1.014615283312556500e+02
1.029498654693588975e+02
1.240649073142729719e+02
9.221087503375377992e+01
4.470003711651958724e+02
1.183381636062228068e+02
1.030420889219966796e+02
5.870886365068107580e+02
1.062096140565195981e+02
2.149345187978936451e+02
3.086978233532555578e+02
1.565283786223414211e+02
1.146732349128913313e+02
2.943985997863484840e+02
1.373158214797695962e+02
1.200421371431580582e+02
1.078056826497187330e+02
1.121237666258001582e+02
9.351595409361262057e+01
1.876104931350966183e+02
8.841188107907530025e+01
1.022586335929864134e+02
1.477337236423102240e+02
8.727211995035590064e+01
2.118853387559042289e+02
1.018846770654130296e+02
9.017885529305497982e+01
5.152799744257066550e+02
1.266323469105168442e+02
1.271960035475640183e+02
1.050450882275805355e+02
8.287128132401181801e+01
9.047476833686992848e+01
1.355921648865594307e+02
3.323027342557983843e+02
1.494931432718590258e+02
3.409866910515532368e+02
1.894145114015849174e+02
7.930566163499375421e+01
1.119930015895361635e+02
2.881015348933227074e+02
1.391078126417963574e+02
1.340866794620365567e+02
1.148376825966566201e+02
2.450894901614783521e+02
9.750542373804780993e+01
1.427680933777532459e+02
1.950996523471656587e+02
1.223517861262314170e+02
1.840825570714262085e+02
1.380092823223472180e+02
1.496218071219591934e+02
1.225019218458266721e+02
1.067173156311904876e+02
1.139557078591433168e+02
1.646193783440159564e+02
1.279139204929944640e+02
1.657568897012619402e+02
1.389025902832135557e+02
8.430008182800797556e+01
8.929495146523692028e+01
9.881692498740748931e+01
9.501634324147390487e+01
7.755809707604169034e+01
7.186180463198165569e+01
8.136362355977004768e+01
8.292390826083085642e+01
1.182075527559395169e+02
1.200467336092898591e+02
6.980726583076143754e+01
1.117693226228401358e+02
6.641033183544189455e+01
2.126247919896432563e+02
1.352916388562740622e+02
1.854549806205747018e+02
8.076015277553931071e+01
5.992651120429780320e+01
1.028155985107099895e+02
1.791221159066924713e+02
1.273542246657355292e+02
1.598856489657789268e+02
1.665674094754189980e+02
1.235522004156034228e+02
9.875850698309578490e+01
5.913959762436636680e+01
6.757983280744896604e+01
2.154604958094468543e+02
6.713616799267062163e+01
1.134932026909347371e+02
8.014739149230554460e+01
6.312712757943867814e+01
1.065285353184667940e+02
7.630735942586196074e+01
7.408555590085431675e+01
1.024079986469288741e+02
8.970904429615634967e+01
1.429087526389409106e+02
2.389374334280884966e+02
5.674882691782276822e+01
7.826252165279296946e+01
1.070103021175731612e+02
8.291673966730904510e+01
9.013473892351356653e+01
7.093172284450841403e+01
9.303264172613454264e+01
1.492089987097253641e+02
1.497414870374150269e+02
7.457518399176956336e+01
6.720197659636393439e+01
1.173583108857042419e+02
1.950156481019081127e+02
6.476231498164614209e+01
1.097481147709881526e+02
7.609987453310127137e+01
7.910037435358158575e+01
1.016855231044315531e+02
1.230873206475518913e+02
7.969967547921116591e+01
1.375890237473513196e+02
8.090346314956664742e+01
2.458583153641108368e+02
8.684349242490297627e+01
1.421063969488836563e+02
7.127588133600580989e+01
8.648526738309416828e+01
7.393371390909270247e+01
8.033559948937218564e+01
2.157870798954740508e+02
2.025825716155247278e+02
1.056454842415460718e+02
2.292344102916299562e+02
9.537864624315179185e+01
1.073143731135665035e+02
1.016725025164344345e+02
5.567028078218536535e+01
8.381085941497376268e+01
1.116398800463376944e+02
1.166976708264311213e+02
1.050250229285090597e+02
1.061860525148548646e+02
1.087956463936269955e+02
1.086977435952227751e+02
1.405342140435249689e+02
1.251786435890200835e+02
1.758891297894297736e+02
8.816981569044082789e+01
1.164537853819931428e+02
7.847517080446752402e+01
9.327869965344940795e+01
1.188884682251078146e+02
3.254837700949585155e+02
1.117909055230240938e+02
7.525001393382019899e+01
1.268858435872521255e+02
5.193620044564480764e+01
2.300649570042623964e+02
3.394521711145660561e+02
1.011009082002373134e+02
1.874329967776205876e+02
1.080437451988382662e+02
1.201496580012214253e+02
5.138941490289170844e+01
1.773126174072799586e+02
7.940769590261892574e+01
9.417592066025297015e+01
9.706027213269329934e+01
1.204608754767303083e+02
1.949389887175619833e+02
1.389168165099758880e+02
1.826698417402883194e+02
9.812937129169168315e+01
9.885457905149317526e+01
1.538992479601219543e+02
2.126162712479875836e+02
1.393708560398798113e+02
6.214196284507135459e+01
1.408686515529826693e+02
7.202123456192207129e+01
2.473923573495582957e+02
1.099182952858001983e+02
1.379966017800896907e+02
1.091326883815619055e+02
8.831845849584610164e+01
8.357704005058759833e+01
9.723745971672319399e+01
2.236724295500087578e+02
6.639385974646715738e+01
1.541200482340765916e+02
7.721020229681636238e+01
1.280896796015745451e+02
1.130664807774661114e+02
9.703051430296120827e+01
1.376022111178412217e+02
1.557718112118549811e+02
6.111933768198852590e+01
6.037412372403152006e+01
1.271651443655912601e+02
1.557978460896244144e+02
1.081916105446016303e+02
1.118465719295459166e+02
1.335475075994544909e+02
1.378260531720933670e+02
1.054527682102396255e+02
8.911676538169693629e+01
1.336426918894978542e+02
1.591822604392246490e+02
1.073509628275061090e+02
7.824527716709553715e+01
1.205874618580603652e+02
9.769860612928691523e+01
1.027375180683943938e+02
1.320897419295463919e+02
1.472779951792661279e+02
1.146362342013439246e+02
1.218146542149356577e+02
1.612127388995096737e+02
1.675787775827332950e+02
1.576826430730153845e+02
1.489588267072132055e+02
1.231667707481261687e+02
2.110948352868818461e+02
7.836234462902874043e+01
1.497548606241900302e+02
1.678004725065555931e+02
8.021470974459646186e+01
9.375826169902695995e+01
1.653491198473132897e+02
8.490048660904679423e+01
1.331479016596943268e+02
1.312544907498191264e+02
1.776213694968674872e+02
8.464062402751935110e+01
2.507875762215073792e+02
1.440073415616493548e+02
1.285486572740140048e+02
1.435190551529721006e+02
8.070933704862763136e+01
9.592879432952322816e+01
9.403929859975424677e+01
1.366085813791358987e+02
7.614952784190052171e+01
3.034134716502569518e+02
2.234883966768725259e+02
7.163711856653063137e+01
8.793166817892779363e+01
1.469576871894992109e+02
1.580126108842077031e+02
9.113311035717060804e+01
1.622705767044865581e+02
2.755536132766317223e+02
1.040740849542437161e+02
1.780004173105567418e+02
1.296320681533171921e+02
1.283146621876423978e+02
8.525960025690250177e+01
8.789118583880168956e+01
8.975317174201795467e+01
1.135968975995464660e+02
6.978646643236035629e+01
9.604400867926364072e+01
1.986091078265338865e+02
1.146020733750651033e+02
1.562782884384032513e+02
2.458730971383757264e+02
8.948825424374408044e+01
1.058585378621882569e+02
6.952614280113259326e+01
1.615547369058719198e+02
8.579360689297566012e+01
7.949391287910677306e+01
1.820473388975112528e+02
2.246355212108221622e+02
8.070615084287464924e+01
8.711226240925404340e+01
7.478825466175497638e+01
9.984375262787612826e+01
1.097633317715397681e+02
1.353210977024476733e+02
1.227558933045502982e+02
8.709155194799002686e+01
1.131196712501970438e+02
1.158547424559316994e+02
2.420816514010925289e+02
2.262224599972521730e+02
1.490632209628494991e+02
1.584539461704864323e+02
3.239392121501134056e+02
2.788789245860780852e+02
1.672328838614987490e+02
1.426730306763699900e+02
3.804416318196037992e+02
2.408666995080794777e+02
1.479517378252666902e+02
1.407460533617502279e+02
1.281542168478528367e+02
2.045918046885664694e+02
9.525342076604188435e+01
1.071599423137910492e+02
2.769230494641694804e+02
8.685181801452891648e+01
1.399313313571704782e+02
8.725542074558190109e+01
9.682663647907079962e+01
1.034996039499958158e+02
1.092042325618982801e+02
1.646407930494975460e+02
1.001908616783484121e+02
9.208232004484601418e+01
9.348368025089543210e+01
1.108520836798061993e+02
1.638808934433866114e+02
1.811467472183866789e+02
1.146401182699164707e+02
1.287842988088798677e+02
2.227093072905873896e+02
1.261871250986290818e+02
1.153997195222458743e+02
2.956057118630222931e+02
2.210419537256003082e+02
1.137465964167575549e+02
1.577781800863837702e+02
1.832659967000637948e+02
1.343860119142417773e+02
1.119548655959596175e+02
1.497126528185821712e+02
1.011173064716433032e+02
1.499894949329065810e+02
1.630504731765117299e+02
8.196551059036411857e+01
3.093639728280379586e+02
7.885854785402646883e+01
2.148277712651125455e+02
2.837674813892230645e+02
9.522676757215319299e+01
3.141812329632802516e+02
1.329835178958518043e+02
1.674420496028330092e+02
1.087520238957857970e+02
1.127037470400015735e+02
3.619086595380120457e+02
1.960020391792542966e+02
1.937703378860546195e+02
9.692128515034754344e+01
1.133920915957574209e+02
3.308535336368851176e+02
2.522205811547226801e+02
1.793589361605858414e+02
1.754229772908554139e+02
1.300316516727370981e+02
1.802147674808939541e+02
1.918350587708414423e+02
8.830107724910121192e+01
3.124915360501282180e+02
1.180325536836858049e+02
2.651950463998668397e+02
1.937308343410435327e+02
8.548367865607487204e+01
2.057979915790764665e+02
2.562737595927846996e+02
1.442666990884816869e+02
1.309401222033552870e+02
8.538748660196260687e+01
1.100092941148734411e+02
1.281496445389808798e+02
2.464167921877064202e+02
1.559925933179040101e+02
9.247362197188540733e+01
2.228426255012192883e+02
1.117255222893049904e+02
1.428326068572792735e+02
1.532687047682613581e+02
1.127561121781675553e+02
1.174730497993316476e+02
1.605791051347526945e+02
1.692173792283319642e+02
1.569617452825166026e+02
1.256002305431457273e+02
1.151797760675656548e+02
1.177303769963460383e+02
3.014840362985757451e+02
1.685726422803790001e+02
9.881628119772607022e+01
1.167983143267302637e+02
1.033511803526239845e+02
1.801262988028130678e+02
1.358700536424714187e+02
1.134515871211785765e+02
1.144503806285012928e+02
1.215182563042965427e+02
1.032469783206428104e+02
1.147578720462346382e+02
1.453952396423204618e+02
1.358744792317600627e+02
5.714119977173343159e+02
2.654981930925392248e+02
2.173002495109205086e+02
1.502629567936373292e+02
1.218010752336801801e+02
1.517584643691094470e+02
7.525831091485680702e+01
2.340571210333628471e+02
1.232877985021853817e+02
1.262657962952939528e+02
1.002965209307046024e+02
1.731193644475372935e+02
1.942144156730455222e+02
1.147258741667703958e+02
1.117554382954729277e+02
2.464610631818786999e+02
1.152991907768353173e+02
2.981607389853277255e+02
9.708757341075862257e+01
2.283032203392687052e+02
1.128472991911225023e+02
1.258793617171328520e+02
1.437854657185463907e+02
1.278499835011612902e+02
1.042528541593341913e+02
4.772766000994377578e+02
8.617890227868404907e+01
1.878281078556511545e+02
1.141596566913567727e+02
3.022338373520219079e+02
9.316916063192788044e+01
1.135660374023150609e+02
1.561675596719821613e+02
1.023164841559484302e+02
3.258879968626126811e+02
1.109327260666854897e+02
1.494602681961906399e+02
1.874051304922069505e+02
2.297311148715264437e+02
8.875438125514875765e+01
1.508987068970345433e+02
1.896406434823902032e+02
3.783335399958128846e+02
1.116110012573446966e+02
2.051922785213015743e+02
1.475252551866888950e+02
1.679641214368416513e+02
2.231665776476641838e+02
9.745667302619941097e+01
2.941091804798759313e+02
1.436432677404322078e+02
3.445322927596937461e+02
1.194248438734006754e+02
2.102408852598687758e+02
1.543336594740095222e+02
1.844121292562182646e+02
2.322551756620044330e+02
9.973126109850700516e+01
1.738007038931120576e+02
1.348227979474426093e+02
1.820910181656928728e+02
2.887211193133932170e+02
1.057625173898955779e+02
1.828504831396741395e+02
1.823538578131235681e+02
2.762070681740713098e+02
7.712059428210091028e+01
7.421450458536227757e+01
9.065418933862210338e+01
8.623622687097220307e+01
1.789175732215075243e+02
2.333175987515946872e+02
1.703164386410099667e+02
1.062491196478612068e+02
1.483605790631293360e+02
1.176561096583286314e+02
1.089230496273682718e+02
1.340185928452308133e+02
2.562680747195222466e+02
1.737127242230185402e+02
9.742854599095524293e+01
1.047212159544927630e+02
1.516091092699133469e+02
1.478562729329961485e+02
2.587044178776672538e+02
9.341911225023982013e+01
1.676752040536697166e+02
8.008973554443316800e+01
3.341542385577074583e+02
1.664054155493049336e+02
1.530705705730650550e+02
1.908126417177483347e+02
1.469053623435620750e+02
1.165021580018563867e+02
1.001122116966991911e+02
1.086820993301920026e+02
1.679145779875653659e+02
2.048986453520146824e+02
2.823164777656332376e+02
8.046582275185465960e+01
1.731616154771408560e+02
8.862474015853165099e+01
1.209472475807819336e+02
1.552916596647726237e+02
2.382130099960720315e+02
1.638976816270286747e+02
1.416543758724613724e+02
1.656005481320821389e+02
1.140895007620972024e+02
2.543832263521985624e+02
1.461670592605129002e+02
9.587460189569627289e+01
1.967181393358279138e+02
4.841150159123438357e+02
1.172433759492923286e+02
1.312844614839758322e+02
1.643314626751840990e+02
2.985454883982400247e+02
1.350157592262459616e+02
1.049953605265758654e+02
1.083601646222010402e+02
1.419305865306467069e+02
1.789309482970069780e+02
1.139764862321310943e+02
2.084466494841793462e+02
1.162079043812548775e+02
1.513209770670996193e+02
1.300735935214057122e+02
3.093547622699777548e+02
2.138276223672250751e+02
1.864398691170659390e+02
1.852719845213957512e+02
2.915470044275843975e+02
1.676794925728404735e+02
1.872756300472680095e+02
1.252954360025952241e+02
2.208547696898081938e+02
1.629906290751457902e+02
1.498295933929199180e+02
1.888695385491739387e+02
1.217081946584518590e+02
1.054399351140106376e+02
1.348494599913684056e+02
9.800128211683281165e+01
1.051407736644837456e+02
4.090295988288112881e+02
1.881476766544128054e+02
1.267040012366756656e+02
3.634907358481863184e+02
2.007638177824958063e+02
1.648463421148275643e+02
1.100004592746013969e+02
2.636976327645647871e+02
1.139077208848194687e+02
1.437169897194497992e+02
8.668673663350284642e+01
3.299835991363788708e+02
1.670032893238426368e+02
3.903884881039762149e+02
1.411347087858726752e+02
3.538969828973675931e+02
2.028467042118056440e+02
1.981338599372364229e+02
1.556360067719996323e+02
2.700796254050736707e+02
2.331260695840359176e+02
1.885665041578663761e+02
1.823267235789334109e+02
1.815026530348890788e+02
1.297976037397970401e+02
1.368856448054007160e+02
1.197290352744346791e+02
1.797525468685274745e+02
1.119755242862092928e+02
1.263902083700320986e+02
1.979257041901256855e+02
1.035009327347373187e+02
2.203064981210734175e+02
1.674697402680061202e+02
1.929430470834856521e+02
1.708391567225839367e+02
1.501105413899887822e+02
2.028149796951234975e+02
1.915100821392448722e+02
2.263998631108507027e+02
1.407165934353531327e+02
1.723924854589579638e+02
1.445003365521724277e+02
2.504366007884619592e+02
2.875741471944678551e+02
1.849015850018562901e+02
1.965410137525316543e+02
3.002837595894797005e+02
2.142257889636333630e+02
1.722833989757694724e+02
1.651488026157002764e+02
1.328699614979893227e+02
2.256869423395995113e+02
4.367427561739399380e+02
1.792287865215484146e+02
1.474585322657401036e+02
1.763258630882755824e+02
2.004806994080013567e+02
3.197799501869592973e+02
2.000023331105376769e+02
1.795353986782732250e+02
2.087953172398645165e+02
1.706203602599975397e+02
2.171268645341873480e+02
3.016235409116235928e+02
2.803138171559698435e+02
1.692138664397608920e+02
2.028722624015701115e+02
2.169889385854727379e+02
1.788770248745675531e+02
3.293280530804302089e+02
3.746294880431208298e+02
2.014961939077503246e+02
2.637862265965275128e+02
2.220814623803912013e+02
3.532884079624347464e+02
1.508033380238073278e+02
1.727750139895002519e+02
1.835006764844636962e+02
1.836852500912681023e+02
2.705112303804492058e+02
1.784028605433982761e+02
1.439562102821919325e+02
1.687501610383045545e+02
3.738678781178000463e+02
2.410655171051083983e+02
1.919528326382538808e+02
2.179457369744992263e+02
3.311402565458110416e+02
2.487198220410203930e+02
4.286304785415812262e+02
2.738959971926669255e+02
1.683130591765575161e+02
2.592596776654281143e+02
1.693506726039630337e+02
4.591636423267075315e+02
3.974177239368713117e+02
4.329939133621848555e+02
3.141660754580838670e+02
3.907039083412038849e+02
2.595270590536587179e+02
2.457571127375120739e+02
4.642546625925463673e+02
2.962518625415856377e+02
2.897909560324602012e+02
2.579469977451095133e+02
3.265966143297611666e+02
6.718931322666256847e+02
3.913918094184787151e+02
5.034469464688489211e+02
3.539525539219313259e+02
9.247190013734630156e+02
4.499900834447144575e+02
1.543432854825365439e+03
4.244191037000920232e+02
6.694228115600432147e+02
5.862951580825451856e+02
7.697236438742218070e+02
1.592396706212156005e+03
5.475460258813503742e+02
8.933648750649142585e+02
5.526987841448229801e+02
5.871524424260485375e+02
7.856606689572184905e+02
7.348746252319253927e+02
6.221844511111634120e+02
3.751423743355249485e+02
5.106807528718082949e+02
5.709205210481459289e+02
4.419145137867598123e+02
8.121014465453617959e+02
5.137226141247867872e+02
5.522203183624436633e+02
4.277609159291279752e+02
5.015821379890578555e+02
7.869739960423106595e+02
6.483694523144419009e+02
8.056246551541142935e+02
6.123975898647921667e+02
4.266339209858023764e+02
4.482982123151988958e+02
5.114252823768809435e+02
7.075942571402972590e+02
7.852618792614640597e+02
1.017241432558319389e+03
1.080016638684184727e+03
1.102092296678766161e+03
8.437808696141377141e+02
9.039197663550032757e+02
8.505963532988238285e+02
6.211006113026957109e+02
9.574870368526213724e+02
6.506670119063149968e+02
8.297217374598724291e+02
1.001542384950412497e+03
5.418097213363956826e+02
5.144726464977187561e+02
8.515561895843203501e+02
7.423705793429178357e+02
1.025303933124103196e+03
1.459803398608820771e+03
1.235026734549572438e+03
1.201343562084608720e+03
9.528448630144099525e+02
1.030178886084520173e+03
9.614151934162516682e+02
1.326173007958261906e+03
1.040320514103050527e+03
1.281119074410819621e+03
1.181208606228889266e+03
9.169129116659912597e+02
1.124521763398582834e+03
1.211213036137248537e+03
9.418272836001042378e+02
1.480883420634491586e+03
1.264230905756582615e+03
1.213235537659963484e+03
1.383786778004073085e+03
8.019520363959827591e+02
1.098809288289352708e+03
1.254176484919201357e+03
8.070471063458784329e+02
8.593178938903402013e+02
9.703365398304641758e+02
7.425306379826778311e+02
4.857225004718941932e+02
4.078560053975793949e+02
4.404945241923338699e+02
3.628246553986326717e+02
2.621441797342545783e+02
3.114441301816647183e+02
2.799467716599172036e+02
2.835420460510878797e+02
3.271874415969373331e+02
3.643861586775004753e+02
4.980395233751335127e+02
2.888334873171007757e+02
4.708028477500063218e+02
3.517379733488138527e+02
2.743591501428898027e+02
3.398317868881454729e+02
3.389182949272668566e+02
3.865639346545542026e+02
4.868866862378548035e+02
4.088741458558880595e+02
5.813607212483088915e+02
5.638514282544084608e+02
3.483137613332012847e+02
3.000664447748802104e+02
3.696752511604204301e+02
3.869072544648576581e+02
2.997983765209610283e+02
4.466028632845847142e+02
4.734197971587183815e+02
4.792564892092357809e+02
3.464266401167614049e+02
5.041564411163470822e+02
2.869795518294620251e+02
3.465305535994160095e+02
5.023293179883330026e+02
3.687428376912498038e+02
4.152413666346499213e+02
4.527250086251310677e+02
4.444172326750099842e+02
3.803901802378332491e+02
4.689148553599332558e+02
3.401078165834793481e+02
4.025045936914432332e+02
4.998861462817562256e+02
4.120040112587983572e+02
4.740227352080192418e+02
4.904937596005348723e+02
4.447818386285571819e+02
3.381069599043181029e+02
3.696595767087083573e+02
5.450096467345330211e+02
3.766176749167999560e+02
3.398617214356920613e+02
3.787871466508142362e+02
7.471625266264525180e+02
4.376397055831862417e+02
4.664752064552042157e+02
5.934132615818317618e+02
3.920239743860117301e+02
4.180075562773084243e+02
4.480524323243661229e+02
3.244006366143192963e+02
4.226714044999804969e+02
4.619716014782106868e+02
4.375928955426872449e+02
3.615017984723232871e+02
3.630991380871287788e+02
3.902864177704349231e+02
3.927031626630939058e+02
2.905808393903696469e+02
4.135477544484480177e+02
5.347109308974227133e+02
4.973775688457832302e+02
3.058257820423787621e+02
5.606248512100187327e+02
3.723773990675580876e+02
6.403582035857161827e+02
7.647517587759671187e+02
5.885450305056548359e+02
1.389639266246357465e+03
8.555673187372508437e+02
6.100683087748658409e+02
5.711417501665011969e+02
7.101870924074403320e+02
1.242690739158126235e+03
7.411238872765464976e+02
1.525366670255569943e+03
6.192110153580002816e+02
5.399758277076633703e+02
9.445487586797780750e+02
7.592009601923766695e+02
6.383133230499430510e+02
4.880407254566874258e+02
7.126231467364082164e+02
8.306150193011330884e+02
1.288914355138888595e+03
7.487766913598624114e+02
7.284120080093222214e+02
8.073919861308526151e+02
7.847832088258387557e+02
1.399881431558106215e+03
3.222354531700459006e+02
5.617431435448049797e+02
4.376413913860293974e+02
3.951685210290223722e+02
1.268008927537746558e+03
5.247263961921889859e+02
1.389779534042312889e+03
6.131926856714546830e+02
8.411357640204719246e+02
5.007956651079242079e+02
6.235415375948243764e+02
5.773159434565938000e+02
8.569464566485489740e+02
8.438872374946763557e+02
1.418352944787558499e+03
7.499689471551198494e+02
6.250312200249765056e+02
1.014054619650542804e+03
7.378808631195537373e+02
6.673991673986804471e+02
1.225282934137490201e+03
1.112636760158994548e+03
7.684890104441800531e+02
9.144619278490041552e+02
1.198732872994837408e+03
1.295947923507133510e+03
1.100526816301071676e+03
1.346762534635417296e+03
1.446460567630065043e+03
9.017400396120208370e+02
1.365891629272529599e+03
1.335037231596524407e+03
1.159150131869576171e+03
4.522153948802325090e+02
6.045892270364187198e+02
6.487725400682429608e+02
6.325385703555776900e+02
6.997110334625909900e+02
6.967491878405115813e+02
5.869587051304491752e+02
7.083822394835635805e+02
7.112405165900830752e+02
9.688912913880584483e+02
1.020441597695035398e+03
1.503554279546684256e+03
8.840410697064512533e+02
5.342439115858355763e+02
4.542749369028660453e+02
4.327022123386488488e+02
3.922986410662093135e+02
3.535633168837587732e+02
3.369001466207216140e+02
5.796394089986200697e+02
4.234139539904078333e+02
4.172535695582665767e+02
3.036695441806381837e+02
4.695496421563619265e+02
3.186864839378054626e+02
3.079241691435233861e+02
4.345375009533051411e+02
3.232053180951584181e+02
3.876919188808048489e+02
3.957558291197221365e+02
3.024925625012632509e+02
5.563818957250402946e+02
2.999430306671579274e+02
4.217402183724232714e+02
4.926445430307433071e+02
3.064592515613726391e+02
3.688982001072546382e+02
3.700618985940492394e+02
3.082833331935366914e+02
3.144002838615154474e+02
3.691870246676436977e+02
4.584019341971783774e+02
3.689334743053318562e+02
5.454193855580897434e+02
6.272360401679922006e+02
4.899454049111920995e+02
5.504210483338241602e+02
4.637881485145138072e+02
3.453940057514786304e+02
4.696572665529246819e+02
6.490537225381135613e+02
4.060090847042979476e+02
4.471498601033701448e+02
5.394878693891291732e+02
3.369493690376118593e+02
7.376665510060355473e+02
4.415858469128526167e+02
4.374553885037908003e+02
