2.993355949492828572e+01
1.347392140646325132e+01
1.771595650666938226e+01
1.408732557916125216e+01
1.519152787286572703e+01
1.273528011979795593e+01
1.792370978039008378e+01
2.228262473091229978e+01
2.885802741934620741e+01
9.933881867843922464e+00
3.160574742560384820e+01
1.022316883980576030e+01
1.290434741371993788e+01
3.092945533508869360e+01
1.099540216172234430e+01
9.320492302596081302e+00
1.097084666402617792e+01
1.058844915122673846e+01
1.471839590563769562e+01
1.192643365431474400e+01
1.371361693417352079e+01
1.212417501941727949e+01
2.766944450692745505e+01
1.720133374945497806e+01
1.238710332412024329e+01
1.266617011290895611e+01
9.280021224300476490e+00
1.319319110331144174e+01
1.324123744716382411e+01
1.607269645202712027e+01
1.304381742506123487e+01
1.159980895784704735e+01
1.723024909412546535e+01
1.058130935738670964e+01
1.165456027281004836e+01
2.632134397666153802e+01
1.169143915204647577e+01
1.290377187344579646e+01
1.453543138419435010e+01
1.570379357986559654e+01
3.350035210579492428e+01
1.675067331094184198e+01
1.636477692904465187e+01
1.956887577109438325e+01
5.830715896513305552e+01
8.124473045453822806e+01
2.470851513392586085e+01
2.132180680101319581e+01
1.872699778058468567e+01
2.334111663845986229e+01
3.134669660602142116e+01
3.948497696121725653e+01
4.321872263042343576e+01
7.855417983000847926e+01
2.415810302440184643e+01
1.330872742037742853e+02
7.531131489918831790e+01
3.764343293878296492e+01
3.394050984907082835e+01
4.049183474866458710e+01
7.912291077405397743e+01
2.463984935569049384e+01
5.300425844182774426e+01
1.576407974516790773e+02
6.504234608363574921e+01
6.037316728441720670e+01
9.032842302959898007e+01
5.800010572791804009e+01
1.184911065186822157e+02
5.535798007814884159e+01
6.555878965850233442e+01
2.602756195386832871e+01
5.406010885831636870e+01
6.088194999052846157e+01
5.725796432798563984e+01
2.102399915348301533e+02
1.039344703960667005e+02
1.729592919934737836e+02
1.052471356522307957e+02
1.131497338669813217e+02
9.815497667488249078e+01
3.311043715946663468e+01
1.941758444193415585e+02
1.126357826573819665e+02
9.208284823007976172e+01
1.296881779794616705e+02
3.455593133356077828e+02
2.577334886435131693e+02
7.498758557249506396e+01
1.282422254547122975e+02
5.269458554942878692e+01
8.966775512233232348e+01
6.599842016849797233e+01
9.121129352857516892e+01
1.369638354730226126e+02
1.098791267391383428e+02
1.698820185967702798e+02
1.042771458669793674e+02
2.241410555551724713e+02
9.926460964766779682e+01
3.316416025395353699e+02
1.451168893607185453e+02
1.669494782150848096e+02
1.151760080092702623e+02
9.671440928749922250e+01
1.370320078750787900e+02
1.799260837372816866e+02
1.562497449640235914e+02
2.501093680439448974e+02
1.320746507405194734e+02
1.658331693058047449e+02
9.820058824492996052e+01
1.895134734418570304e+02
3.858424351257991702e+02
2.430337051191377498e+02
9.622517625845668476e+01
1.045528821125891881e+02
8.382599997885984067e+01
7.523136338522105859e+01
2.262395957342868655e+02
1.953251463873581315e+02
1.319421662695631312e+02
1.812287712097144947e+02
1.449543089348308342e+02
1.273332079989148866e+02
1.421812981063217478e+02
1.368355049506036778e+02
7.839432754027799888e+01
2.634053911680644546e+02
2.419822538635075375e+02
7.283009323153331138e+01
1.017805801815620441e+02
1.597120219452420145e+02
1.433673993317974578e+02
1.893197624121408467e+02
1.172125838905485296e+02
2.398770928789921300e+02
2.581075391807643200e+02
2.222621865302253923e+02
2.193806389051898122e+02
9.033524604946218517e+01
9.284218390898293194e+01
1.414134762770812301e+02
6.651423774012653212e+01
1.228350749446233436e+02
7.194291702273345379e+01
5.648393573825107694e+01
1.001487708929900720e+02
2.337811346144654294e+02
2.690029927532543184e+02
1.478225097930684626e+02
5.005447491217910851e+02
5.174591554556436677e+02
3.873810168686303541e+02
1.587258856030090612e+02
4.960016606840722488e+02
2.175395008572355664e+02
2.445124835094034665e+02
1.914018356797901390e+02
1.627040404173074819e+02
1.137975618452113480e+02
2.601283963980824296e+02
2.270425504987261718e+02
7.419074328863944174e+02
2.157208763475479998e+02
3.255031745027392276e+02
2.047955168066190765e+02
3.012785644623615440e+02
1.738673122237360360e+02
5.529057577001053687e+02
4.497922181611648966e+02
1.756770569181426822e+02
4.510458555390295601e+02
2.897825820362762670e+02
2.873254875275874269e+02
2.011331074151419216e+02
3.500642248179435114e+02
1.285279629539793689e+02
1.706747018687321145e+02
3.411681471069882718e+02
3.651601324787436624e+02
1.104867428133254634e+03
4.807196326533484694e+02
1.969224712268839710e+02
2.118945318909394757e+02
2.173128720696741993e+02
2.321299616591088295e+02
5.200259260154409731e+02
2.693077964633179135e+02
2.420735222351873972e+02
1.342973623857016605e+02
1.493956305809052765e+02
2.254647332653760543e+02
3.114190802303261307e+02
1.201515436640920029e+02
6.738456902942230897e+01
7.953822083814822008e+01
1.057138049870245879e+02
5.741546189103328146e+01
7.000412009382957024e+01
4.655036960159111459e+01
5.292355841572032205e+01
7.606882812624026258e+01
2.108245084562636862e+02
9.366249909255975581e+01
6.547952914271355951e+01
6.037869811196465264e+01
5.734560553115765913e+01
5.159093346451815876e+01
5.497661678937659957e+01
5.030873644288332258e+01
7.633018303453043529e+01
7.052223447597184247e+01
5.851392460720463617e+01
3.934251258000337970e+01
5.249402223951558000e+01
8.373028943295383897e+01
9.927625949461601351e+01
8.478339838606866863e+01
8.047170666678573525e+01
1.156013818736799124e+02
7.786856778176081662e+01
8.267003189871199709e+01
5.024356333741732072e+01
1.027232107448753595e+02
7.180628315600627332e+01
1.260975812185531169e+02
6.727996559842071633e+01
1.496091246606008269e+02
6.467369622109015381e+01
2.481321117443357593e+02
1.199189054783847439e+02
1.779517436034313960e+02
1.232373269815354178e+02
1.400755849206793187e+02
2.278461826545979818e+02
1.541036261955827626e+02
7.506443014799698688e+01
1.060894226999672298e+02
7.443747256570753734e+01
5.504832398119737036e+01
5.972612313446342114e+01
1.003121161428705079e+02
5.445675878764870248e+01
8.532382702095395643e+01
4.193910435787417157e+01
4.902182069552621613e+01
8.675808746605041222e+01
8.877441720501229838e+01
4.487581882847933201e+01
8.298499218970599145e+01
6.437821394866443825e+01
6.432079204654344551e+01
9.433397584061025043e+01
5.640832066272179190e+01
6.606811478389781200e+01
4.876756324365243955e+01
4.692416930163815181e+01
8.321680817722614165e+01
8.053243109113991238e+01
5.558423303370636859e+01
1.070653094444594444e+02
6.263831805243681572e+01
4.267196556605954072e+01
6.573071832840912521e+01
6.056751528742085355e+01
7.153594504334733983e+01
6.968485415715028353e+01
5.980354961472239239e+01
5.159012430375739910e+01
8.893502700995819055e+01
6.293543626077081399e+01
6.156266753367515321e+01
8.553866526634892864e+01
5.108715193667139687e+01
7.648921184969705678e+01
5.801332790030372166e+01
7.792741373680470929e+01
5.354698489515809001e+01
7.288218747196637537e+01
4.716828985221854253e+01
6.544582834586582010e+01
7.000567074698619763e+01
1.339539543023028045e+02
5.880810776488810632e+01
8.362134203320208314e+01
7.713906581953227715e+01
1.095492877523280697e+02
6.931943199679720635e+01
1.046843796088350160e+02
1.591028963728408598e+02
1.363212843551807509e+02
1.509627546684011179e+02
1.842034550290055392e+02
1.476120662017945904e+02
1.146073328609229236e+02
1.036816419548232204e+02
2.024727603154248072e+02
9.839310211781611315e+01
1.365472184573965535e+02
7.556678241455114176e+01
1.287027990229672412e+02
7.910785633785414461e+01
1.474482373803707844e+02
6.610838073506299395e+01
1.751824195546107035e+02
1.668868811868400996e+02
8.534433033157110060e+01
1.237479736269306727e+02
1.205217101298496090e+02
1.155665286944032601e+02
7.298939180069176302e+01
8.935383827141319557e+01
8.252943810360908117e+01
7.757496423548134601e+01
1.265113229450977599e+02
6.690679823103438650e+01
2.215585066026351058e+02
9.498148160420879549e+01
1.562616376875718345e+02
1.060913088483628144e+02
7.045287428818022590e+01
1.320575344106030684e+02
1.423283279663374969e+02
6.449593177792935705e+01
1.729002989048742052e+02
1.063403752547071690e+02
6.052489326119442126e+01
1.342380651594143330e+02
8.962789636653164393e+01
6.170249907073958440e+01
5.728478107187027035e+01
1.745121133594493870e+02
1.321651245434465807e+02
1.562867582694039186e+02
2.177861511414658651e+02
7.762708981255048002e+01
9.783445417975865155e+01
8.123367227750394193e+01
1.274826267173637149e+02
8.275943386623586662e+01
7.106520439012126644e+01
1.772987763652221247e+02
3.402048535074366100e+02
9.499598556644426139e+01
1.001263967882502897e+02
8.238651247607018036e+01
1.003151844758486106e+02
9.110928459406761704e+01
8.573721879615015951e+01
1.194434358306162949e+02
1.178195620613390702e+02
8.743267112902901772e+01
1.576993588241785744e+02
1.112800258709759333e+02
2.198975183235887698e+02
9.580307770790464872e+01
1.180601086662886132e+02
8.181655380225211616e+01
2.684199222353577738e+02
2.029226763403889322e+02
1.162680124474215404e+02
1.371339763288935956e+02
9.788441798030565622e+01
9.945302300264921769e+01
1.473517641776452933e+02
2.940985795502601263e+02
1.617266035293376376e+02
1.148432767640117476e+02
5.382650869412507433e+01
1.664120680896604938e+02
1.693776044568925556e+02
1.924895326296208111e+02
1.085643261651010931e+02
1.366208917471844586e+02
7.902706216769355763e+01
8.246032397051622809e+01
8.972705219113996122e+01
1.150041219550279408e+02
1.451412822611167428e+02
9.610713137429117126e+01
1.388132379584021692e+02
1.617973545287164256e+02
1.011701467625875352e+02
1.690771969140933777e+02
1.011747155485426219e+02
1.382730455516739312e+02
1.468729074097568628e+02
2.174152355989079410e+02
8.065375415853401364e+01
1.575830218423484155e+02
1.706522996918899651e+02
1.386396708354889995e+02
1.384456910991038967e+02
1.282158489773233612e+02
2.373496552313436609e+02
1.529914290469384639e+02
1.167322842788161381e+02
1.623472033502737872e+02
2.077550247651362270e+02
3.379909050100195600e+02
2.364478208808220927e+02
6.243884661228370305e+02
3.830238602913746604e+02
3.867694525791499700e+02
2.764737876067136426e+02
3.550312738709426412e+02
3.589487771237893412e+02
3.776365962630956687e+02
2.746897809252196225e+02
2.588640099632873444e+02
4.659267401979454917e+02
3.091856954292150022e+02
1.611012723787784182e+02
1.448457229853298145e+02
2.205839636473143059e+02
2.343640842386471945e+02
2.670355409514199323e+02
2.593248749721782360e+02
2.813046814621474709e+02
2.471863861556278437e+02
2.403426973605987484e+02
1.852735762955645384e+02
3.013291291469981843e+02
2.849768894191344089e+02
2.188456592568712438e+02
3.769903226127344738e+02
1.416157370332865639e+02
9.322577273746458104e+01
1.459131002111074622e+02
1.289612008575774098e+02
1.735453396115221381e+02
1.816861962220582143e+02
1.235797576597444873e+02
1.280749252618035712e+02
1.163546904827445019e+02
1.894894476774238967e+02
1.779516862224210172e+02
1.372161820557974750e+02
1.237737317510008666e+02
1.002264773753225171e+02
2.060125160061541578e+02
1.305829647784535155e+02
1.445028760278335085e+02
1.490274619078407170e+02
1.257866207387656630e+02
1.491284698667885493e+02
1.165831630330378061e+02
1.125571560078026181e+02
9.068705765809249897e+01
1.798996302792253346e+02
2.935881732868552945e+02
1.943421329037792020e+02
2.791215811813031564e+02
1.634899429630147836e+02
1.624817597211254565e+02
1.520787286960548101e+02
2.067443565376321430e+02
2.188262313178320255e+02
2.304506259693136201e+02
3.166177263624828129e+02
2.655208824287579432e+02
2.548826665871239356e+02
3.293011340168735046e+02
4.229690692402551235e+02
3.990404864573324062e+02
2.533286734713172166e+02
2.763615015404675432e+02
3.976336949988756828e+02
1.926006509087243046e+02
6.114427032912076356e+02
1.941987628763814939e+02
1.424188970802166807e+02
2.372258410382356715e+02
1.653917730975963423e+02
2.472957752365799990e+02
5.478874342871336012e+02
2.233918175998101390e+02
2.587769017989737108e+02
3.897023489506564715e+02
2.110563296894067093e+02
4.398734232083317579e+02
2.541815871040477361e+02
3.075459803575384399e+02
2.974117997430051332e+02
2.141306349876489321e+02
2.385618074137419455e+02
4.306584874659213256e+02
1.710100226026561074e+02
1.759651417906914901e+02
2.191381560279584733e+02
3.073632645862033996e+02
2.442097806077816813e+02
2.536810058268064552e+02
2.269052955778443845e+02
2.572794080728670565e+02
2.429952445281070084e+02
2.833322882058384948e+02
3.284954398919949767e+02
2.033492732765912763e+02
3.683635935304903342e+02
3.031989761071369003e+02
3.714781074044072398e+02
3.956984959213909292e+02
4.221880887506316640e+02
6.208667137075970004e+02
2.818479684782665800e+02
4.267392529400281092e+02
2.721582817036261304e+02
3.496108611280800460e+02
4.619920512654196614e+02
4.329815619905405129e+02
1.807575673671496759e+02
2.723509912883436073e+02
2.663801768042550293e+02
1.803408249240461600e+02
3.248745702439084084e+02
2.849076554867185678e+02
5.025421238687376331e+02
2.473653063902974907e+02
1.619086964491941956e+02
2.049430791361006357e+02
3.158115862313682101e+02
1.603057687156046995e+02
2.476204541889019879e+02
1.639579587306880910e+02
1.851880523504997598e+02
1.779474979421105445e+02
3.064661435066921626e+02
3.512305758134158964e+02
3.584663819137683731e+02
4.545989077788900659e+02
3.266702219820664368e+02
7.466574707573947762e+02
5.732957814679018611e+02
6.284520676936601831e+02
3.661171722481354323e+02
5.001561647318283121e+02
6.340527654696626314e+02
4.479200684126427632e+02
4.463050661142152649e+02
3.516542316474628933e+02
3.556973365082494070e+02
5.242196913961586233e+02
5.092238111015979598e+02
4.819835514180633709e+02
2.233546497745032866e+02
2.366275961700536072e+02
4.397090620582999918e+02
3.378984339224745099e+02
6.997547476625845775e+02
8.673287184309019722e+02
1.138543558749132217e+03
1.257835646595233129e+03
7.112045583167018776e+02
5.181353936681412051e+02
5.036628657544893031e+02
3.857626971436183112e+02
7.154486951306498668e+02
3.446284462965303987e+02
2.164170391457287792e+02
2.560565056793980148e+02
2.580840095734177453e+02
2.272122175756206559e+02
1.834474025513842719e+02
2.133557356828102058e+02
2.070302389446417521e+02
2.160615893887450909e+02
1.885722230928213037e+02
2.442018287078660990e+02
1.787022481832980247e+02
3.012318169618798720e+02
2.886159377650071178e+02
1.950325896791362084e+02
2.032444280467781539e+02
2.912938359911234443e+02
2.295095211783491607e+02
2.128370992856370094e+02
2.077202580753892107e+02
2.413875541971122516e+02
2.065400205994125145e+02
2.224024919102603235e+02
1.749314870140077005e+02
1.642327006811969170e+02
1.719547423060145661e+02
1.600254347995800401e+02
1.452922771696350424e+02
2.275218018167010143e+02
2.584162516574544952e+02
2.339226057582841634e+02
2.401024217425891436e+02
2.264017542878679023e+02
1.657259315956082730e+02
1.785861351663342589e+02
2.559493573639462056e+02
3.649755622481797559e+02
3.172510365640962391e+02
3.111589357085556458e+02
4.031937490278291421e+02
2.730386658295856819e+02
4.494655035190484114e+02
4.587252433829745542e+02
6.611923748706922197e+02
3.953929015707076360e+02
4.928764140846870418e+02
3.567843233802803979e+02
3.784042320667537638e+02
3.365794866853781286e+02
3.775350079251361990e+02
5.987822891479015652e+02
5.634393114044294180e+02
5.876932132935219215e+02
3.316932983654573945e+02
6.755134377480150079e+02
5.840110334199199542e+02
3.717046578171405145e+02
4.524703690697837146e+02
2.650610937322761060e+02
2.532887208415263274e+02
2.198370787838376543e+02
1.678274106200594531e+02
2.222472726475253637e+02
2.196958057530310100e+02
2.233249578914364406e+02
2.775158693396551826e+02
2.651600128508895864e+02
2.218215113514395682e+02
2.121086511153960430e+02
3.507155635779964200e+02
3.262970721001634615e+02
2.460220973908147357e+02
2.767414795908777592e+02
1.950039009456582733e+02
4.770105349934753463e+02
3.221686644855798249e+02
2.821931264232446210e+02
3.632849862646897350e+02
4.044163799783953550e+02
6.217722753889607930e+02
2.930406120729796271e+02
3.730823312807089565e+02
5.427715023737411002e+02
2.880196873212663036e+02
5.286489146021450551e+02
9.421307940074103726e+02
2.566887884997877904e+02
9.429979533629729076e+02
9.145788006354284789e+02
4.288236637618084615e+02
4.543133661396443017e+02
4.633100527550587913e+02
7.308375575151810608e+02
4.528633625929194295e+02
5.849067457260244964e+02
7.964782858951191429e+02
6.052373839112199221e+02
6.424011141200830934e+02
7.880194931754042500e+02
6.653771603403884001e+02
3.230921981786963784e+02
6.803695366695793609e+02
3.900725921684374384e+02
7.963552480768922806e+02
7.005121388985766089e+02
8.011591523256442997e+02
1.215306429325495628e+03
4.916693440019149079e+02
6.483555372641857275e+02
6.286229673683785677e+02
3.327885885996628872e+02
2.366657990946731616e+02
2.825481941650347721e+02
3.669024500954385530e+02
3.952897615000046585e+02
3.084159306546329162e+02
3.081640486577517208e+02
2.653020819565455213e+02
2.235324509257204113e+02
4.085222852835456706e+02
2.243158646171033865e+02
2.666672420378393440e+02
3.287876267993548254e+02
2.535994890423783943e+02
3.301474383752163817e+02
1.635341147792513539e+02
1.939972319905681957e+02
1.663406787785032179e+02
1.878892290294901386e+02
2.472883141918836714e+02
2.097394599155978767e+02
2.607010476200974267e+02
2.695824789750546984e+02
5.615323072221065104e+02
5.328804375810996135e+02
3.196839033177538454e+02
3.540211069526097845e+02
3.116138446790839112e+02
5.046933570220575689e+02
2.409993229251207936e+02
4.136186480238665126e+02
4.636857263473295916e+02
3.387760659317129921e+02
4.970027374063972161e+02
6.104573475321574278e+02
3.676329663859262382e+02
4.882174461092200204e+02
3.726944468003823090e+02
5.284907089321118292e+02
7.608432054561842506e+02
6.221750678314560901e+02
5.575134194259676406e+02
9.845710789899378597e+02
8.114296220270251752e+02
7.411021879563562607e+02
4.719825329409699179e+02
5.244569378270775815e+02
8.464263739402417741e+02
1.292331648206192085e+03
1.015476041577214687e+03
5.521098917187357529e+02
3.368192151954186784e+02
2.802994033187309242e+02
2.579573087484995995e+02
2.007672058347189363e+02
2.490585346006878638e+02
2.100190083819170184e+02
2.761460315017023390e+02
3.195553897476310112e+02
3.352832039527199868e+02
2.015145487838004215e+02
2.467078182731922880e+02
2.736423004982638645e+02
2.854274649528430245e+02
3.168155370292868156e+02
1.897117532841079992e+02
2.105778707270808923e+02
2.550451400458575222e+02
2.444243758124464705e+02
2.450692417159691558e+02
3.019131408172469833e+02
2.059335075312991989e+02
1.916122388027486920e+02
2.029290173489470419e+02
2.201402224699580188e+02
2.052761384422023241e+02
2.360485498993603812e+02
2.879903502863544986e+02
1.508703268340046861e+02
2.889301740080686614e+02
2.193741337526525683e+02
2.072672373625781859e+02
2.322939346547156845e+02
2.179327521062118080e+02
2.641046532655902297e+02
2.093812811090882064e+02
2.940907328902479776e+02
3.203263501275019394e+02
4.117679161031441026e+02
4.355508529913067832e+02
3.541911497532181556e+02
7.158014330670471281e+02
9.197380130551747470e+02
1.467660325074964476e+03
1.543271417409926244e+03
5.644821318411306947e+02
2.707744566597592097e+02
2.963564826612329739e+02
2.139370240767983091e+02
3.313701325481073923e+02
2.598201673845203459e+02
2.097539189092571519e+02
1.685223899534212819e+02
2.406159017986232413e+02
2.814669491834296764e+02
2.686003404978392837e+02
2.636031640173318351e+02
1.864297435229888436e+02
4.863553538256298907e+02
3.534327047257930303e+02
2.707694617724105797e+02
2.748952597236601036e+02
2.373879310634858371e+02
2.166747053603178870e+02
1.699101005600936674e+02
2.109237947095475079e+02
2.709196616996242142e+02
2.274684806055911395e+02
2.249151066141498063e+02
2.548110482651125608e+02
1.482214986611853931e+02
1.448388464040120596e+02
1.466324090098999022e+02
2.235119647254697384e+02
2.841459843678557604e+02
1.674551751011676402e+02
4.341368362035594828e+02
3.163906485847881527e+02
2.152771617601116532e+02
2.841229872656826387e+02
2.817188166958968054e+02
4.716811558833477989e+02
3.608302104255880636e+02
3.344823717122209814e+02
3.552823449821881354e+02
3.687317648197690687e+02
6.299415946548921283e+02
9.958827857003149120e+02
1.000414409639791756e+03
6.284790741918723143e+02
1.413994668022601900e+03
6.837117052486938746e+02
6.565251066193735596e+02
8.698067745659949423e+02
7.357590617823343564e+02
3.873499770699413602e+02
1.019177541899207881e+03
3.795473818825659009e+02
3.343928616593272523e+02
4.306639640718948954e+02
4.836104463144664010e+02
6.162679575282886617e+02
3.603598489606504813e+02
2.397855246153286828e+02
2.259489372949912251e+02
2.559057090023774776e+02
2.419913852055397001e+02
5.385898494473816527e+02
3.819494773852941876e+02
5.385115158849420141e+02
1.182070034404038324e+03
3.114253307601707093e+02
2.514405309748204047e+02
5.268135254462375769e+02
5.434807287757630547e+02
5.599787960021105846e+02
5.904035413041079892e+02
8.736980988011283671e+02
4.226471702898331273e+02
6.726410224599983394e+02
5.675918246621955632e+02
4.922754721363934891e+02
4.543705907504966603e+02
4.535045300878456374e+02
6.125800264199666572e+02
6.354136964330514274e+02
6.580904469686201992e+02
1.339473324238471832e+03
2.898486455495195742e+02
2.770377603656486940e+02
2.913520067860098948e+02
2.342906109323124042e+02
2.312337838675854869e+02
2.914224312269244592e+02
2.829208903412288123e+02
4.031129604725890658e+02
3.497887437830002568e+02
2.881383245924790231e+02
4.042460717783035307e+02
2.569076368351645669e+02
2.793073721423398297e+02
3.554856493363121217e+02
4.077047379180686448e+02
6.798354114139860940e+02
4.146255829257925143e+02
4.811698062153450905e+02
7.838885410202568664e+02
5.448922535671227934e+02
2.537534454105258419e+02
3.468105552740276494e+02
2.602495843715391857e+02
3.752598774829346553e+02
3.556971930173651799e+02
3.369202806068100244e+02
4.999365403966021404e+02
4.328141034135639984e+02
3.268467539210597010e+02
3.094985804834536225e+02
3.705341693415763871e+02
4.155949299875789507e+02
4.579343745376820038e+02
3.968816738653409857e+02
2.148764873329989200e+02
2.398973362195095547e+02
2.894577932268440463e+02
3.133658396310969465e+02
2.299114816870520315e+02
3.415344591107214569e+02
2.749705950789560802e+02
3.339732945223809111e+02
2.985513941774705700e+02
2.714840953113730393e+02
4.606247932193609245e+02
1.300467199046850510e+03
3.579332226371054730e+02
6.728491506902074661e+02
4.096024402684963661e+02
3.876464370978391116e+02
6.354213616306884660e+02
5.433402347914776556e+02
1.164892395841822690e+03
1.426176769991372794e+03
1.262427666331820092e+03
8.195325297268080931e+02
3.363178172221342379e+02
6.339801152594232008e+02
7.524898871616322822e+02
7.133165046108678098e+02
4.743652708123471484e+02
4.854061793158811611e+02
7.722267843947171286e+02
5.320364325170190796e+02
4.287903317450238774e+02
2.377770660705969021e+02
2.861713872381218380e+02
2.613530145731151038e+02
2.729483373389525127e+02
2.698286396354815224e+02
3.681259694348763674e+02
4.314728702342172255e+02
3.646293831046993432e+02
4.370501459479939967e+02
3.187394154481860369e+02
5.394591936609642744e+02
3.607459476952797104e+02
2.774795738545990957e+02
4.828065050196016159e+02
6.184945685876230073e+02
3.390511833810046483e+02
2.640201051866378634e+02
1.844375116878423455e+02
2.212159077006820667e+02
2.183451596560023802e+02
3.128295977434224255e+02
1.641436661227842251e+02
2.191677957328979289e+02
2.806382201855907965e+02
3.634499559608322556e+02
2.520229041290774603e+02
2.836393907075520247e+02
6.420936349455306527e+02
2.448907793981962868e+02
1.997694054966254669e+02
3.228956903098197699e+02
4.564791192988290049e+02
1.970168608596914908e+02
3.032117068150012074e+02
4.196541425211685237e+02
3.823226836635221844e+02
3.916762626421688083e+02
3.361956610714087219e+02
5.856672726861615956e+02
3.113851932055574707e+02
1.920264698512640962e+02
5.040736087784615052e+02
3.716281280009220040e+02
2.675277697381932285e+02
4.192021393530662863e+02
3.354548892352904090e+02
2.609520271332714856e+02
4.447815190539880064e+02
4.572806156550050218e+02
1.866369478515223932e+02
3.014224206306846554e+02
2.550847045515569391e+02
2.913472787147046574e+02
4.517194760863094416e+02
2.790801073596940114e+02
1.900456768399609757e+02
2.748702349770587148e+02
6.822158976843810478e+02
4.458933167205580617e+02
6.088984115659841336e+02
2.080239618297628397e+02
5.181487436285045760e+02
5.228240297065966615e+02
2.253714751246853609e+02
4.897475090690425077e+02
4.267575514975242754e+02
3.234371122985443208e+02
5.227594481387388896e+02
2.830254148554622020e+02
2.751049266343160866e+02
2.417977899709628105e+02
3.254138578447842747e+02
6.326719061111692781e+02
2.453389971631956143e+02
2.659245864928340666e+02
3.623219465898904446e+02
3.758775096293865090e+02
5.274238939515942093e+02
4.027574520207359683e+02
2.320302319053452322e+02
2.364319576469819424e+02
4.201645538663191815e+02
4.532318550331876850e+02
3.775782942965587949e+02
4.565636616038149214e+02
5.145765698847433214e+02
2.165097079671124618e+02
2.148317489149389985e+02
3.871007096544494175e+02
3.124009282817448252e+02
2.889565349383827311e+02
3.471202207556004851e+02
2.354154642928338035e+02
2.959213526786568309e+02
2.224887464240555630e+02
3.868084539328947926e+02
1.794109603508785256e+02
3.454308531068769526e+02
3.574581459762108580e+02
2.283919811269483660e+02
2.514595118336618214e+02
3.359778774001691204e+02
4.877565441069372127e+02
7.538163801938723054e+02
1.076292589190073841e+03
6.051472885424989272e+02
4.067207280533298217e+02
5.621998597565527689e+02
4.662419172296133638e+02
6.083769544323265563e+02
5.299074745416056658e+02
5.317431162238840443e+02
5.286060526045224606e+02
7.752787589424445969e+02
6.460945095967148291e+02
3.984509793039526357e+02
4.453187074576881059e+02
8.470308374032840675e+02
9.214126107934417860e+02
8.492147463672317826e+02
4.519499629413396065e+02
2.093818137281020881e+02
2.550759219881879574e+02
2.363531155116221498e+02
2.603428090807076387e+02
2.423976995557331122e+02
2.594780536769755486e+02
3.319664707676452053e+02
2.566021163105268670e+02
2.367180786393412291e+02
3.321749723064555724e+02
4.449193692404815010e+02
2.529977362926430544e+02
9.612830999251335697e+02
1.403067019864603481e+03
3.179862019729692975e+02
2.925006174015637725e+02
3.424724748086783848e+02
3.163044327623793492e+02
3.165794507938002766e+02
3.276396154343034937e+02
3.974235723004366037e+02
1.563598196831237885e+02
2.364488419115403417e+02
1.808690131602732833e+02
2.058901991328557983e+02
1.956785624601862992e+02
2.182560419482979626e+02
2.245996884942629777e+02
2.624008848376773244e+02
2.243588156764580788e+02
2.129986318641350636e+02
1.922206634868722404e+02
2.278307378768093940e+02
2.558509792148747124e+02
3.594536627514343650e+02
2.526196227032179138e+02
3.946349601563430269e+02
3.573917475176579615e+02
4.794083720681354066e+02
4.352690041168267499e+02
5.138702377600841373e+02
3.825040424144623330e+02
3.891019192474153670e+02
3.965981579507644028e+02
4.710149497487207100e+02
5.043637500036901429e+02
2.953177245021523163e+02
3.226089404479333211e+02
4.433600055876094075e+02
3.448747329126259160e+02
4.446913899039234366e+02
2.555723561183443167e+02
3.874277639710905419e+02
3.858488116149986809e+02
6.498320907904255819e+02
7.249497420246364072e+02
6.545587474965780075e+02
1.360411023242222882e+03
2.455975911994526086e+02
2.313762046979104809e+02
2.074533933461179060e+02
1.925305830867606574e+02
1.849086917100532901e+02
1.584593850035203673e+02
1.409278634087266653e+02
1.452987872396467139e+02
2.199501545355240353e+02
1.825397256366346994e+02
2.410788106672226263e+02
2.494846835698546386e+02
2.775681973608085400e+02
2.467901441221540892e+02
2.607960899589694463e+02
2.102341451711773175e+02
2.160444012741047857e+02
2.436717914663639419e+02
2.793977772346234474e+02
2.670923570353998002e+02
2.533978628424798103e+02
2.846041235367318905e+02
2.696911514382458677e+02
2.663519168202770970e+02
2.996933874939238649e+02
2.136856589354462130e+02
2.749943088697545477e+02
2.524811563855896281e+02
2.723557949614252607e+02
2.519165508144776027e+02
2.499647091773687180e+02
3.177058989140628000e+02
2.943425665652057432e+02
3.189770980825617244e+02
3.593913559556282280e+02
4.219866040974545172e+02
4.825163948841985189e+02
5.138502817486203185e+02
3.658031134584732627e+02
1.212095743924610588e+03
7.858520617466708700e+02
6.781320749803094259e+02
4.882254990464570028e+02
6.056459576832347693e+02
3.632899105288256010e+02
2.513703722464447310e+02
5.213001381044535947e+02
3.331314452879936994e+02
3.082655792913246842e+02
2.218476266667281038e+02
2.595691281061884865e+02
2.086095094165254409e+02
3.929355567224721426e+02
2.817751731018544774e+02
2.158351743085558496e+02
2.656365380116248502e+02
3.211890564290160341e+02
2.505701836518986738e+02
2.766407814536680689e+02
2.595895622494536497e+02
2.099998361141331031e+02
3.095026214016859853e+02
2.446444504094902754e+02
2.546724230111215945e+02
2.841228002652665623e+02
3.000836786507484817e+02
3.106709412235182413e+02
2.402112689574462934e+02
2.824076630080137420e+02
2.848582015859034300e+02
2.085263933195923585e+02
2.745061678026189611e+02
3.150828775516861811e+02
3.132364954866810649e+02
2.734063547313770641e+02
3.197208879860785942e+02
3.644455877892046374e+02
3.753513664119046211e+02
3.939991875241038883e+02
2.575927014222429534e+02
3.158455995423033187e+02
3.432835957730298446e+02
3.180078767976968948e+02
3.199943299603124274e+02
2.578924161357222715e+02
2.490750378757181807e+02
2.812743217346045981e+02
4.064130708306104793e+02
2.538371250627086226e+02
2.517529922971349947e+02
2.830582055896120437e+02
5.974194568882327303e+02
4.002235856940170038e+02
3.672645544348200133e+02
6.185531152452036849e+02
3.983865065475437746e+02
6.070174509310976418e+02
5.554634081757445756e+02
3.988233954370048764e+02
1.156779303298385912e+03
1.202099907516195799e+03
2.518996028828582894e+02
4.618913468665140272e+02
4.702821020553116682e+02
7.300324112581096188e+02
1.450509979483832012e+03
7.493054786715042610e+02
6.843829419279395552e+02
8.196365473469658127e+02
1.413320554531386961e+03
5.142329306099207997e+02
6.377108224738385616e+02
4.471055813237653069e+02
3.760915956302857808e+02
5.839904289579524175e+02
5.555557808470150576e+02
5.079189709928934349e+02
7.705052356119064143e+02
3.030434189241794343e+02
3.191072277542434108e+02
3.975332519573747163e+02
3.489690872714181182e+02
3.662241778169077975e+02
4.071324558003554444e+02
4.863554310598473762e+02
4.233055827072878969e+02
3.767492691853085489e+02
3.344777300739921202e+02
5.547001372481477119e+02
4.733677627329142865e+02
4.157828731388116239e+02
4.877649861047674449e+02
4.153462163967981269e+02
3.169051772933173083e+02
5.554057267482523912e+02
3.966624568152469124e+02
9.105868364840413278e+02
4.047806596443770673e+02
5.063535554925871338e+02
5.341815682031673305e+02
5.794012108745848764e+02
3.195562308028117968e+02
3.698569669154632038e+02
6.467711058516363209e+02
8.216328416458437687e+02
4.383561258631487476e+02
1.028147222888974284e+03
1.009224600533201624e+03
9.788886676501308557e+02
1.245794190650479095e+03
7.340349125183407750e+02
8.428654270165873186e+02
4.483235802574441777e+02
4.448428438212090441e+02
3.821809597667274829e+02
4.005656148813573054e+02
3.478768151918292233e+02
5.423756325395239628e+02
8.290493660415205568e+02
4.775641473049842034e+02
4.442612557872843695e+02
8.432862486191660309e+02
9.734241968492539172e+02
6.783707445680830688e+02
1.007378101399444063e+03
6.658915114753089028e+02
1.449457693620579903e+03
6.809693822110396013e+02
9.212185917982109231e+02
7.137397761023977409e+02
1.321863056188569317e+03
1.070606324459436792e+03
1.238837807169911002e+03
8.925210270488605602e+02
9.930838985018497169e+02
4.111306531679985028e+02
1.270640708715715618e+03
1.144204110042845286e+03
1.011179215693933315e+03
6.704333169617275416e+02
6.576313080538134273e+02
1.027526853979539510e+03
9.838384936772112042e+02
7.695228960902037443e+02
8.709274519267376036e+02
6.021971148152471187e+02
4.938706159985904378e+02
5.483694611616489283e+02
4.335311918124932049e+02
1.158392147204756839e+03
4.802871028822407879e+02
7.746445427597238904e+02
5.043870330490630067e+02
5.567951099253403981e+02
5.404932461158258548e+02
5.642862097766485476e+02
5.616709781364588707e+02
6.534310759521628142e+02
1.081263560593061129e+03
1.106123963354006491e+03
1.182996179266177023e+03
6.809112119832761891e+02
8.468858719842189657e+02
6.757079028156128970e+02
5.609651525265791179e+02
6.685599060452835829e+02
9.179725230003904244e+02
9.229281233445331054e+02
8.443061174604766848e+02
1.500540905378035859e+03
4.429898311748503943e+02
3.201150017417959361e+02
3.444792241976293212e+02
4.245710564285991495e+02
4.592749687787749622e+02
2.776948907614474251e+02
3.786968548922246782e+02
4.549905513874909957e+02
3.693637885920950339e+02
4.288823379990931244e+02
4.150581069219023220e+02
5.067531326868208339e+02
2.837008033338719315e+02
3.808558975466028187e+02
4.278921352151319866e+02
3.458023214343940026e+02
5.098588165251503028e+02
3.532872119600057772e+02
3.138840845537712880e+02
4.886938612937515245e+02
7.968355278372727071e+02
8.901235209616886550e+02
1.113793346453887352e+03
8.820567598325609424e+02
1.294429665602370278e+03
1.115827722825177716e+03
9.081145682265827190e+02
4.546473548678757197e+02
5.744862193142323576e+02
6.551264554406567413e+02
8.929806610231594277e+02
7.420673854887794505e+02
1.165466130135404001e+03
1.552985786187759686e+03
1.412666630865229081e+03
1.172288772845645781e+03
1.267643758974599450e+03
9.155561462470421930e+02
8.899777873282509972e+02
1.511333634807915814e+03
9.402497679925500051e+02
1.450907825478552695e+03
4.800956044953430251e+02
4.717435665563787666e+02
4.577317028204676603e+02
8.903383057410472929e+02
9.740349319813134343e+02
1.379931174568137976e+03
8.990736795300288122e+02
7.534437497542910478e+02
1.030725303229033216e+03
3.549875187998204069e+02
8.941937288463127516e+02
1.401055957639097414e+03
5.422195614201217495e+02
5.802299554980484118e+02
1.060609934800603924e+03
8.461335026269102855e+02
1.246629231893571159e+03
1.228463533492879833e+03
1.229720377501630765e+03
9.798996134414600192e+02
9.847184137664251011e+02
1.217171286848732962e+03
8.991411098246572919e+02
7.522241427670853682e+02
1.252990652161657181e+03
1.222759903443263056e+03
1.235638194117431112e+03
1.179063327542235129e+03
1.138329373871494226e+03
8.963364644146030287e+02
1.250989550412359449e+03
1.033828115353071553e+03
1.140429251540795349e+03
1.356622218458555835e+03
1.232067287456711483e+03
1.172699366760612065e+03
1.281413880323930471e+03
8.525275744784630660e+02
8.267073792862514665e+02
1.113404844846004835e+03
1.439377242515427042e+03
1.067277227526282104e+03
1.354103240793554960e+03
1.258561869610989106e+03
1.333964575208470251e+03
1.128811316354572000e+03
1.344396451423539702e+03
1.321471436919518510e+03
1.251187950338403880e+03
1.421061962115469669e+03
1.173785355551513476e+03
1.281260138651168745e+03
7.608426627754288347e+02
1.084618824438543015e+03
1.361173160968579850e+03
5.561157160550004619e+02
5.714914558300963563e+02
1.141603681472967310e+03
1.284493172933964615e+03
1.823801521286329432e+02
2.878713008217064271e+02
3.805708453589864462e+02
3.464441578865761926e+02
3.090646403553096775e+02
3.895440328889837929e+02
3.722941607391491061e+02
3.921261601759478594e+02
4.501619533377468656e+02
3.716288484497737841e+02
3.291495397800748037e+02
2.630017220330552732e+02
2.902730999567219214e+02
3.378425026695978204e+02
2.422583935959858366e+02
2.338868044681635467e+02
2.765786603979079814e+02
3.293997185787559374e+02
3.144995873050092996e+02
2.957536283556112267e+02
3.790310501303655997e+02
6.914260438552238384e+02
6.697983036000308630e+02
8.710046981865311864e+02
6.331611756015599894e+02
5.018422115170203028e+02
9.632488106217031145e+02
1.152365052190831875e+03
8.756699275732044043e+02
1.138801960822766887e+03
1.509234707564019800e+03
1.379271863743093945e+03
1.468755324247119461e+03
1.338667513997860397e+03
4.607691676330539963e+02
5.850528380847948711e+02
3.511257429029155333e+02
3.735245041141057527e+02
3.747747611547328006e+02
3.607863547528637014e+02
4.667071900238736930e+02
2.306471438243247576e+02
2.601949422015355822e+02
2.990682633999387008e+02
2.741829345092117478e+02
1.791634241832681198e+02
2.111174073861911609e+02
2.763993397448991232e+02
2.352070662965053600e+02
2.115717009821109968e+02
1.850195481940679372e+02
2.231466564595556292e+02
2.007342188225532311e+02
2.557477545538364154e+02
1.835595421275089052e+02
2.244408526568442142e+02
1.866013301229095873e+02
2.668072203673302170e+02
2.478635697393416706e+02
2.067398957539562616e+02
2.687174095859646741e+02
1.872284348906823084e+02
1.948642625070113752e+02
2.255312962179096132e+02
2.057133103304464328e+02
2.281988122027780719e+02
1.997254674756772488e+02
2.200008224104477392e+02
3.036294567711373702e+02
2.288167126445803206e+02
2.263368524420682490e+02
2.466106817866603365e+02
1.670169264078087394e+02
2.501471715315641120e+02
2.335147413862768246e+02
2.404991552803806485e+02
2.256719895950925832e+02
2.120047202167348530e+02
1.748024113662284833e+02
1.945948260281710418e+02
1.402657431694211141e+02
1.616005467715322936e+02
1.371942324403166253e+02
1.696889900450913444e+02
1.220229165638523909e+02
1.663653372629432567e+02
1.431679033763435882e+02
1.729487611517720325e+02
1.485937486881884126e+02
1.824119587139905150e+02
1.239008907606014134e+02
1.278878444592147616e+02
1.574605393057496201e+02
1.459822487675416482e+02
1.926201050366614140e+02
1.396015937600666916e+02
1.406443802358282653e+02
1.237921358892750163e+02
1.420438924689895543e+02
1.798303544212728582e+02
1.224152274854503162e+02
1.759368655002714945e+02
1.656575622357470365e+02
1.515101297400058797e+02
1.312727226175284159e+02
1.184939398823250229e+02
1.534993120784415055e+02
1.320511848099253029e+02
9.992589479823156751e+01
1.473201091779749277e+02
9.482786833764906476e+01
1.231702505473243008e+02
9.771800989834029849e+01
1.228958327036748841e+02
9.320730280877084795e+01
1.090950908829103980e+02
1.019447301692604668e+02
1.118613696662734327e+02
1.046434189237715060e+02
1.254943208139293915e+02
9.411538756820092999e+01
9.993031185785501691e+01
9.244847254965580419e+01
1.407648249811986432e+02
1.457293366709969575e+02
1.259582251987966970e+02
1.132841919483305162e+02
1.020384858677685003e+02
1.333028290358955985e+02
1.076142783523148410e+02
9.549507822939435187e+01
1.252540632456266110e+02
1.028337857623034637e+02
9.851007433651226108e+01
8.837396964041580816e+01
9.595776369303349895e+01
9.302738268745660832e+01
1.353223073396775362e+02
1.132568370847610595e+02
1.200408455582233955e+02
1.238789122254376167e+02
1.038294264600527157e+02
1.377636902284454266e+02
1.313544940605985119e+02
9.061009697045712130e+01
1.010601184705516715e+02
1.061525474429443676e+02
1.223292272193223482e+02
8.771560008947297149e+01
1.051058858119625086e+02
9.720409121004425401e+01
1.056608633182897279e+02
1.062560255624906489e+02
1.018862343571450140e+02
9.571062442524434744e+01
8.699806177729303158e+01
6.765604897516246297e+01
7.413466930025036561e+01
7.995876374747523130e+01
8.584723278646580980e+01
5.552257241175596647e+01
4.843227403675237497e+01
5.243586636993833849e+01
8.571052084240594127e+01
7.354319347898064052e+01
8.418865834424836692e+01
7.988524889237869786e+01
6.719333201784513676e+01
6.401187855485711964e+01
7.395353702546877628e+01
6.055420166709877350e+01
6.733118980675513399e+01
5.025204699043209899e+01
5.228096216076340141e+01
6.709358421841899656e+01
5.741809084173451794e+01
4.444354069554457709e+01
4.607104476907448287e+01
4.297689322180526261e+01
5.362746526768561495e+01
5.615418964716648276e+01
4.155454780897147060e+01
6.286166035326277068e+01
6.598885290129662451e+01
5.159611676169027561e+01
5.052239364411170897e+01
5.054397136909064869e+01
4.298495366209747459e+01
5.101987861067226504e+01
5.478381983954387380e+01
4.016542431409359892e+01
5.257713483694396928e+01
6.711508139042602750e+01
6.907762323686938544e+01
7.351816054948228896e+01
6.431593428667943613e+01
7.370685587772113934e+01
5.174583324451037214e+01
7.623829373746831095e+01
8.140575142795194097e+01
5.435996949165747338e+01
6.210358399616282554e+01
5.597696501078588938e+01
6.122418301491624248e+01
5.174212719400381388e+01
5.793581867564731880e+01
5.679046211317090354e+01
7.430121691309827270e+01
5.563875435469498143e+01
8.583716822264612745e+01
7.979031193472138739e+01
7.926788255008926853e+01
4.461327043224005706e+01
7.600093075273883869e+01
6.709929236325737634e+01
7.848993735372273761e+01
9.169756615591411730e+01
1.047914484863672726e+02
9.243009791100507755e+01
1.026285750914484538e+02
9.410680025915411306e+01
8.425968359934365992e+01
1.199885211743582971e+02
8.402240054534887292e+01
8.521642052074065532e+01
1.011239122372208215e+02
1.387252640044445400e+02
1.214298210912203047e+02
9.294204160404402160e+01
1.442487013510827012e+02
1.154859460480923161e+02
1.274069834480469439e+02
1.535140670361124648e+02
1.753723875170881570e+02
1.951576476209843065e+02
1.272286820093870574e+02
1.585404753764536849e+02
1.544470530489399493e+02
2.011472771637823485e+02
1.972452871289130485e+02
2.610602061429499940e+02
4.143546503932498126e+02
5.676367285196434977e+02
7.272082313289646436e+02
1.190759099473703372e+03
1.313401607833317939e+03
6.043390258970161995e+02
8.918124883244913690e+02
1.122745800279182276e+03
9.929806306213429252e+02
6.374030095674872882e+02
1.166724841285787988e+03
3.742027298508409672e+02
7.706088395872067167e+02
1.240464316178801255e+03
1.151469219340916879e+03
4.339644424715286277e+02
4.647694875952442999e+02
4.239552929863523332e+02
3.889510933937089590e+02
6.542529717511102945e+02
3.833690363814649800e+02
4.254039209789948472e+02
3.591209804139141397e+02
3.163582588434118179e+02
8.094519769058980501e+02
1.151375261542028738e+03
1.107808651187129499e+03
2.849088912722752980e+02
2.067143785997322425e+02
2.972395868198310040e+02
2.469518652834750867e+02
2.724889670351390691e+02
2.887521046372735896e+02
2.525747171703215486e+02
1.760432608115970936e+02
2.317685286139098082e+02
1.656415305273623915e+02
2.144352078631864629e+02
2.234754957568997327e+02
1.873043857754770443e+02
2.149290277080233125e+02
2.330538336833870972e+02
2.038339788053769723e+02
2.206707481156386734e+02
1.515122787735357406e+02
2.003023870149355332e+02
2.293233732034750574e+02
2.269450853638445267e+02
2.308896035220655278e+02
2.617252185071350254e+02
2.635085561376059786e+02
2.103211434839514311e+02
1.651973672091201024e+02
2.026107959615026175e+02
2.182549581440914324e+02
1.715583006389263971e+02
1.980398163122443123e+02
1.736144393790380605e+02
1.784244000585704839e+02
1.533151968047310163e+02
1.803675478165976642e+02
1.853794154059453945e+02
2.039387910476850152e+02
2.277190843141292191e+02
2.130051653615493592e+02
1.884647589764060740e+02
1.676267427352868822e+02
1.880534105715244664e+02
2.097323978021745745e+02
1.824387313826753143e+02
1.801996760018972736e+02
2.042415655674215600e+02
2.129797751428414756e+02
1.713934122742251418e+02
1.692744666740022126e+02
1.635694099963595818e+02
1.717750878855311214e+02
1.965893523561175869e+02
1.522731219312499036e+02
1.717323293672962734e+02
2.047600605274839438e+02
2.222170010891029222e+02
1.533824049478369886e+02
1.475181353253082079e+02
1.946609149194113400e+02
1.833113422359902245e+02
1.551971150650967957e+02
1.686187958449424968e+02
1.387857282370001144e+02
1.553585125608433088e+02
1.982551741628056163e+02
2.160294382558308257e+02
1.756494300428064150e+02
1.955882998965317654e+02
1.691646757915829653e+02
2.116511415712076030e+02
1.723487313512548837e+02
1.786707689799916636e+02
1.734688635736073081e+02
1.885490533747292830e+02
2.077167096024325588e+02
2.178644031282390472e+02
1.595240352027937831e+02
2.098700100665807895e+02
1.973591568595697936e+02
1.854666990777087108e+02
2.246524356420578101e+02
1.600554629361110415e+02
1.962589998730177285e+02
2.181086219293892725e+02
1.853527606399857746e+02
2.628099899974913569e+02
2.335868931658204986e+02
2.427766141783574199e+02
2.753293450592211684e+02
2.259179298280083117e+02
1.888058075906606348e+02
2.633917597959065233e+02
2.320457326655673285e+02
3.555229925182283637e+02
3.403066737175565208e+02
3.749916843728065601e+02
3.630728828181140670e+02
2.857264382297830707e+02
3.676063181926970174e+02
3.319788131284022370e+02
4.360948812118612068e+02
3.779838940840601822e+02
3.316917161866723518e+02
2.044581071852657885e+02
2.376452230833597525e+02
3.100193016733970239e+02
2.289888656266162457e+02
2.101036156469932621e+02
2.208061921084097037e+02
2.162312035302862228e+02
2.977058065005489880e+02
3.093739714208565488e+02
3.152127063532130933e+02
3.385155606848991852e+02
2.979336187152321145e+02
2.204812417098818287e+02
3.305284897341796864e+02
3.378190256633587296e+02
3.943612516613844150e+02
3.327583380801672206e+02
4.691869943140720807e+02
4.394326098890860521e+02
4.177053786694891642e+02
4.678549655646255587e+02
4.834989886475853496e+02
5.884065511133835571e+02
6.560471505908425343e+02
4.513861376839195714e+02
3.970043008600703729e+02
5.971740129601014360e+02
9.896855435376064634e+02
1.256551047232422889e+03
8.058720561692448427e+02
1.076945167436813335e+03
8.807423176694101130e+02
1.105379556449591746e+03
8.112480595143649680e+02
5.118864607769335748e+02
1.452205712395846831e+03
1.576438582168313133e+03
7.823538872441931744e+02
6.457313022771464830e+02
3.254469197462007060e+02
2.288986936469711111e+02
2.218094714242449754e+02
3.704937950727584166e+02
2.930111506928724339e+02
3.382175894581321813e+02
2.076426773493040230e+02
3.551961996027577015e+02
2.802014198607282651e+02
2.826600447974758481e+02
2.758470165745337113e+02
2.773269083441409180e+02
3.579141460771393213e+02
3.475904039981854794e+02
2.472871877395422473e+02
2.387059900770807985e+02
3.984766890177077130e+02
3.008929211064136666e+02
3.506414221356394592e+02
2.954797203214732804e+02
3.889426365464047990e+02
5.267083263154987662e+02
2.933847544167660999e+02
2.846717984702899571e+02
3.846049005161320338e+02
3.834576436613159558e+02
8.986544893122016902e+02
1.272263570649428175e+03
9.537957611941704954e+02
8.120222651468882304e+02
5.126319568141218497e+02
5.369816476996226129e+02
5.343514050280870151e+02
5.914287439674975531e+02
8.335504562923111962e+02
3.221113097028777474e+02
2.932037493959224435e+02
5.424824731273994303e+02
3.366374789296706922e+02
4.231544838053930562e+02
4.029443324640179185e+02
3.805853243635484660e+02
3.905902926408367080e+02
5.030121307534930679e+02
4.277600403726098648e+02
4.320240801023934978e+02
4.583160573037324070e+02
4.678029600664605709e+02
4.340420085598909168e+02
5.660209893410739141e+02
4.618026176706537171e+02
6.322242829213918185e+02
4.841485310564790439e+02
5.705320874694599524e+02
1.330738428242205146e+03
1.081400720765749838e+03
9.151574634647320181e+02
7.381707103695755450e+02
8.389589688625953841e+02
1.340153617004121998e+03
1.071561764743649974e+03
1.361745078094480959e+03
8.893270299423920733e+02
5.077092460892088184e+02
9.880460776690846387e+02
1.241104111904244064e+03
8.900316963887574957e+02
1.236804531917961640e+03
1.280479464555678533e+03
7.023434751022435876e+02
1.412522478046525066e+03
9.193893031778878822e+02
1.309362261454469490e+03
1.245320866866366487e+03
1.242116468614775613e+03
1.096254733278309459e+03
1.300957763225230565e+03
1.064889196684372564e+03
8.423506732436974289e+02
6.880125950228323291e+02
1.239504567193356252e+03
1.197802153764232798e+03
1.226808906035667178e+03
1.041419890973531210e+03
1.026686376008570960e+03
7.503454895008942458e+02
4.094092630990514294e+02
3.806152467521274616e+02
4.361893587524528471e+02
3.643313783138473241e+02
4.096073353447048362e+02
4.794881906967816008e+02
3.378783337334183443e+02
3.313052184742464306e+02
4.727843517858661926e+02
3.859097243192443329e+02
4.847098412007586603e+02
4.205968391594291234e+02
4.680294206595993387e+02
4.555371706757074435e+02
3.337712931766615725e+02
4.318384892830705439e+02
4.063140595479787862e+02
5.373473982852390236e+02
8.100141263797037254e+02
7.901964482622092873e+02
7.955597429478708591e+02
7.185182253038723275e+02
3.666367944671628720e+02
4.378955183238777522e+02
4.493908185856962518e+02
4.922439022442261489e+02
4.158692707833765780e+02
4.287388080611820556e+02
4.000663880744141920e+02
6.858722254584563416e+02
7.592392967039536416e+02
1.233986752078831614e+03
8.425952169704075914e+02
6.540437740841899767e+02
6.003761946836825700e+02
4.976797368127180334e+02
6.084071759341461529e+02
1.013465886658141130e+03
1.007196201094434855e+03
1.378224097486935534e+03
1.463541404678155232e+03
8.559650520016958808e+02
1.209598355322691077e+03
1.452491767429475431e+03
1.484254417793672019e+03
1.449359962623876299e+03
1.288407061226369933e+03
1.300999593070386709e+03
1.433996254552408800e+03
1.235509941963929805e+03
1.513336825556140411e+03
1.210940840269563978e+03
1.367649668836587125e+03
1.112559498158542965e+03
5.827598020329145356e+02
1.449284785841969097e+03
1.383610623719824162e+03
1.214031595341163666e+03
1.262833308877983654e+03
1.364973128056381029e+03
1.428829362969950125e+03
1.158435884621919058e+03
4.585012271115206772e+02
8.867924062734400650e+02
1.162961602723603846e+03
7.506854732727850887e+02
5.347866070549363258e+02
1.291820408554423466e+03
5.470545290979557649e+02
1.413829870334683164e+03
1.240647391288428253e+03
1.045717327204224603e+03
1.297017766409014712e+03
8.697844605136731388e+02
1.394719557252561799e+03
1.471144580315620033e+03
1.376751872838473901e+03
1.214182289145645882e+03
1.114952520130155563e+03
8.473345451514264823e+02
8.418124290292707883e+02
7.398963758535192028e+02
7.235273687339134767e+02
5.778784889382047822e+02
3.931755935567638289e+02
5.914456528202738355e+02
4.934970861125415240e+02
2.777801147034537621e+02
3.339260331635816783e+02
4.780500107881742906e+02
3.634675296547324024e+02
4.854325381333694622e+02
4.974093423812337278e+02
5.155178951424786646e+02
5.356280200988479692e+02
4.754915209355346519e+02
4.419896326180690949e+02
4.667237722026454207e+02
4.749061201290602980e+02
5.887725978559745954e+02
5.363869459559235793e+02
7.532958312889079480e+02
5.460972791186733275e+02
