4.584686411940052864e+01
2.242280020279122255e+01
2.026584602603459473e+01
2.078467511357507291e+01
1.495357075454519169e+01
2.114377175193933311e+01
5.791930694548255332e+01
1.040155162982081727e+01
1.257215917192630350e+01
1.260644004194527668e+01
1.207912076451853878e+01
1.798842839504489177e+01
1.269315871874023038e+01
1.036052496726484229e+01
1.446739675641380352e+01
1.623993800588244696e+01
3.379339837661472501e+01
2.572822934637681058e+01
4.183876378277187058e+01
1.870233172136877542e+01
3.218582268951173830e+01
1.938290569722709833e+01
2.958276319387053022e+01
1.213411228091341520e+01
1.720308770647286423e+01
1.650428242284695202e+01
4.568063963795609084e+01
2.652421817825681316e+01
4.043148547960334582e+01
5.402198025861761721e+01
1.243111096168077552e+02
7.535453886247424293e+01
1.128588244562459408e+02
1.185828319321556137e+02
5.615589696689070109e+01
3.534569961777043545e+01
1.439405888588424034e+02
6.348123562676785525e+01
4.049342898911555011e+01
2.119915258908986999e+01
5.748362978388497879e+01
6.895789700519297583e+01
7.727836536941113366e+01
5.143218258221970984e+01
1.036566205117372732e+02
9.625193588832040348e+01
9.308811078380583126e+01
2.699192250089092937e+01
6.284132156517441814e+01
1.213083745433641241e+02
2.503838772180911576e+02
1.937406749117738798e+02
6.585376779154989890e+01
5.101396934130703187e+01
9.026164507246944879e+01
1.092847506128358219e+02
1.291899439136265642e+02
1.455291905676320425e+02
2.952882392890468850e+02
2.093754925175670110e+02
1.431452154581648983e+02
8.635811821520013609e+01
3.613158647377649402e+01
9.093602797403053728e+01
5.587713850145874517e+01
6.006440516042435718e+01
4.040101681850590154e+01
7.371231488825863210e+01
4.298287008036367496e+01
9.528388444831139736e+01
6.768736272921859154e+01
2.886428171412144650e+01
1.159868267386215166e+02
7.745117599153191179e+01
8.034861035907572102e+01
6.407048716248820597e+01
9.519346778986707136e+01
2.506800804698716831e+02
6.482810299006004584e+01
8.618750982115716397e+01
8.365353595627225047e+01
5.744512208589103608e+01
8.096647004368968226e+01
8.256038638114966943e+01
7.310974989354998854e+01
4.640701526798765286e+01
3.552288219574622019e+01
1.147844084158793976e+02
5.080338465919451352e+01
9.701256302636018347e+01
9.653344598089066153e+01
1.034401458755322523e+02
8.227895074273250202e+02
1.801644381963710941e+02
1.251693429566113309e+02
2.123757232340048517e+02
1.059487011823020879e+02
3.646438347654055292e+02
7.960631072026308175e+01
7.969380077708963483e+01
5.931718671157345568e+01
5.735267796733236167e+01
6.292369869762256229e+01
8.945489344480915861e+01
6.010609742658889587e+01
5.195590359319240292e+01
4.910308359340141493e+01
4.625017709635363872e+01
6.095344160019989488e+01
6.050903546440636660e+01
4.086394451489136515e+01
6.150609287567493766e+01
6.175339404834868873e+01
5.044278094088688391e+01
5.805393182890752257e+01
8.600070843743714022e+01
4.364055331880989996e+01
6.078554603526106348e+01
9.080800522064411950e+01
3.906351507273266321e+01
4.212832961652141961e+01
4.551298559618825124e+01
6.099397778852536334e+01
7.199672005757705051e+01
4.557609559246375142e+01
7.095887883128331453e+01
4.260016744316479276e+01
4.318047975219651136e+01
9.886265013004150148e+01
5.786354218525920601e+01
6.357045048877674986e+01
8.719435047369771041e+01
8.258954167898303922e+01
6.522223678946606640e+01
7.352354598666619268e+01
7.805633412410065830e+01
1.531963916393458192e+02
5.552932086405244405e+01
8.518278869365569506e+01
1.045710682738898498e+02
2.132576111868999362e+02
1.119892206937663985e+02
3.298231090549575129e+02
1.559121299462478589e+02
9.881816694509281263e+01
1.241212581748221027e+02
1.179692598200459628e+02
8.729969792017033114e+01
1.399909531398706690e+02
2.295497956949231479e+02
1.137649362004030706e+02
6.927038705448816813e+01
8.433685551057662622e+01
9.681287357647583747e+01
1.388889068786196503e+02
6.847652994788893466e+01
5.096369658997287644e+01
4.098130825615338324e+01
4.825880442812429294e+01
7.995338898563090879e+01
5.048750609654311461e+01
6.675685820697194117e+01
5.903362529828736172e+01
1.041198606206230011e+02
5.161142095272747810e+01
6.996755986669707283e+01
1.096073583919787211e+02
6.472632154664216841e+01
6.733548254760472673e+01
1.112117963199407740e+02
9.590271765345896426e+01
5.894128395340656112e+01
7.458275241379513432e+01
4.799662610876048063e+01
8.443746322972600638e+01
8.256069525889247984e+01
6.249220976564112107e+01
5.337670846123996427e+01
7.052480076718455848e+01
7.123678811687702250e+01
6.939652156663036919e+01
5.999219377456252289e+01
6.488895500043037146e+01
6.767645161492042405e+01
9.255400426648216694e+01
1.795002253895600290e+02
7.722806148052004005e+01
1.967242224198319889e+02
1.043153365829127353e+02
8.637341483058268921e+01
8.257156099961304108e+01
1.864709987803394995e+02
1.507795241081388440e+02
1.613410172432822378e+02
2.695400449884086242e+02
2.443477629299541718e+02
1.486459962149868943e+02
1.407752504225214523e+02
1.810202630566540165e+02
2.133424969387669137e+02
9.803599390536568592e+01
1.171069593284573358e+02
1.041559835658767383e+02
7.278749761027826537e+01
2.130776609031033502e+02
1.224528927370589315e+02
1.280002687024171451e+02
3.438005617103278837e+02
3.030386077408003302e+02
2.568559065055969768e+02
1.476314639072226669e+02
1.197174228317732059e+02
1.324968745255492593e+02
1.380411178548811222e+02
1.168208302797611253e+02
1.944694098710641299e+02
1.524814599961119370e+02
2.435129195087501728e+02
1.014508709376867728e+02
1.029069334246038352e+02
1.137454587313164041e+02
1.280821012315876999e+02
9.057033375051331348e+01
1.375845912899806649e+02
8.428937468010101952e+01
2.015852349275624249e+02
2.779411832105094504e+02
1.925188249123680748e+02
9.390653345518883555e+01
9.654499433882651260e+01
9.769486745916563564e+01
9.507039782642429770e+01
1.187546740918885746e+02
1.054370537622526456e+02
1.008896408043460582e+02
1.560995038001202033e+02
1.325812594677431662e+02
1.234121117035997059e+02
2.621047370471354157e+02
2.642486824804283287e+02
3.979345007283613995e+02
1.726274455517026070e+02
1.500729599620552790e+02
1.676474861292057028e+02
3.208363898087808366e+02
2.179411603900617536e+02
1.429912372959346385e+02
1.045690939096631951e+02
1.181716999477497865e+02
1.039529034308342546e+02
1.140703425478936026e+02
1.017215294161799335e+02
1.557318074109825830e+02
2.709207157886335153e+02
8.791496229811750140e+01
1.683955374450840452e+02
1.757918816073995458e+02
1.392290944985233523e+02
1.552411063629244836e+02
1.707514753805525913e+02
8.388020935190566263e+01
9.411883406655154261e+01
8.783517169491078391e+01
7.207297475004442333e+01
9.153253473195383094e+01
1.347948946446792320e+02
1.099929158916065290e+02
9.180565549653566393e+01
1.172648098731264241e+02
1.602030901740558875e+02
1.439698326741514904e+02
1.129201285006320603e+02
1.149822129656539857e+02
1.770489211661210334e+02
2.616336710293582541e+02
1.603529130980156197e+02
1.165712324412030796e+02
1.219445395703307895e+02
1.042645481641889091e+02
1.704331190211888156e+02
1.509159419523041379e+02
1.278427896443913596e+02
1.461383926706192256e+02
5.054595144172219534e+02
3.750767627927056651e+02
3.937024883554946655e+02
8.607338577166453888e+02
2.431098843857488703e+02
5.253629665539899634e+02
5.354525836346507504e+02
7.632439391736903644e+02
4.289236191883935021e+02
2.564006285953108204e+02
2.219194179545581278e+02
1.407018775083699040e+02
1.605774444908019234e+02
6.145500963986222587e+01
3.408129677197521801e+01
2.871400602306971095e+01
5.404353613135998557e+01
6.085452479320466779e+01
8.965485181818080207e+01
7.349293024345821834e+01
4.996533980305085265e+01
5.560572731657546797e+01
1.018735747725216498e+02
1.318583416903341856e+02
1.296170222892065738e+02
1.882457933120954578e+02
2.707370821802169303e+02
1.774535185498093597e+02
2.091704717444004586e+02
1.760740324414936140e+02
2.104144990346738382e+02
1.578268084133904949e+02
2.052473543860687926e+02
2.501789156916718753e+02
2.049001021637511144e+02
2.208927088037665669e+02
1.738917151999200428e+02
2.661441761295998845e+02
4.040744402265030999e+02
1.743497811676068636e+02
1.712956601368036331e+02
3.254088644612000394e+02
2.182637000064494828e+02
2.709151937447295495e+02
1.400166721294748129e+02
3.562194584320571948e+02
2.994577580577882827e+02
5.043945448313875772e+02
3.361035929535165678e+02
3.587120322099806913e+02
3.509533349298711187e+02
3.339695516188166380e+02
1.832710580326905188e+02
1.093538464533043566e+02
1.086802282887192490e+02
1.083530885595848758e+02
1.218384307491284630e+02
8.780887926381595321e+01
1.368299834801783845e+02
8.139674440406400890e+01
9.209566158390614987e+01
7.582540819397026155e+01
9.558754860345345605e+01
1.180809250506284940e+02
5.605257980930129946e+01
1.072084509891663942e+02
6.533268803714599926e+01
1.403542012569422752e+02
8.410522283568008106e+01
1.025751201405400934e+02
1.558606613513935315e+02
1.163277667828238862e+02
1.246022693574290798e+02
2.272371919114621051e+02
2.372630146567948941e+02
1.806286637946103895e+02
1.749764378401171427e+02
6.448355986742506047e+02
3.089471450557933849e+02
2.394255833168385266e+02
1.910194444059611669e+02
3.507505630173056375e+02
1.876224262280188384e+02
1.036323951945664561e+02
1.613440449418171738e+02
1.259369554123273360e+02
1.215264063989112486e+02
1.143286420943725119e+02
1.023715249951785466e+02
2.294646914676891072e+02
2.523503811709236402e+02
2.487111842567653923e+02
1.569226151756443244e+02
2.060315086196027607e+02
1.510701108210061818e+02
1.837010329860823106e+02
3.063375053006945450e+02
1.590679769079820858e+02
1.395161835045405780e+02
2.269758178199057568e+02
2.891465410468689470e+02
2.105669477515253050e+02
2.299493791726751510e+02
2.611254220118399871e+02
2.024254985869345376e+02
4.609947352007218910e+02
2.937403031447360036e+02
2.422157671536451460e+02
2.407914321019250394e+02
2.494086829125216127e+02
5.569256994110008918e+02
3.282744141529385615e+02
1.525019119169278099e+02
2.511840645212758716e+02
4.380236685193099788e+02
2.516399253616931730e+02
5.881745686499834846e+02
2.180885979787493625e+02
1.435849170286074070e+02
3.934134962324664002e+02
2.163130716276855878e+02
2.624899768234624275e+02
3.890371280505294180e+02
1.632420707995656244e+02
3.572788859244345190e+02
3.172572292240354841e+02
1.853200249942659354e+02
4.798574112922435120e+02
3.498938743685417307e+02
2.643041161783035591e+02
1.859405724530522548e+02
3.305062627590058355e+02
1.590363203004654338e+02
1.316487882383858903e+02
2.264302969634173337e+02
2.467901130430078922e+02
1.495864838610976051e+02
1.329022444751689704e+02
3.018353756417528757e+02
1.863186220807644133e+02
2.318815554144850353e+02
1.131197654115167666e+02
4.373767438061345842e+02
9.827917895460804232e+01
1.537627514833465625e+02
1.510648743292525182e+02
1.378141281526173714e+02
3.084873375727718212e+02
1.242779553489174162e+02
1.624870163032928758e+02
5.403904803463281041e+02
2.095717651742786813e+02
2.496619044008087940e+02
1.842020339541841452e+02
1.579629840434375296e+02
1.639811182648633974e+02
2.811440858030932759e+02
1.350506199794024269e+02
1.775585225765436803e+02
2.719758068436030953e+02
1.138816854569166566e+02
1.272570946000331134e+02
2.019063761673143915e+02
1.681175599520743447e+02
1.156802851361861144e+02
1.756492484958791920e+02
1.417760402730116880e+02
2.239302720912834559e+02
1.490427248434131116e+02
1.917260138908001750e+02
2.053542481009104961e+02
1.160528756485988140e+02
1.404670535501513200e+02
1.255678560856117940e+02
3.024295957434817410e+02
2.667622168210685345e+02
2.351824459822968549e+02
1.930209070864664511e+02
1.100927218478259135e+02
2.187608437417752043e+02
1.626271503104585463e+02
2.841739793231610633e+02
1.568784535092498515e+02
2.196681300707704168e+02
9.209096852236058339e+01
2.216864627790608608e+02
1.900617101990095534e+02
1.617142481272969974e+02
2.751432398490531455e+02
2.245473661089585562e+02
2.635336919638631912e+02
3.304092965457576270e+02
1.925790693178338415e+02
1.742917724131919499e+02
1.649847692333082421e+02
2.491279911574309835e+02
2.361921497645482191e+02
1.898067788867961951e+02
1.347990631192324429e+02
2.362885945120781912e+02
1.346987149188077524e+02
1.544619341264925936e+02
1.450329556900223906e+02
5.912084907095896824e+02
2.244037073127051656e+02
1.896020401962277617e+02
2.284495496084801118e+02
1.985287760670254045e+02
1.896013633631348796e+02
1.605805349474051980e+02
1.357528145664038277e+02
1.786043020679121298e+02
2.448415250775709637e+02
4.083388053245934657e+02
1.766196057909299100e+02
1.310312660421461146e+02
3.851311739256483406e+02
2.876836129574961092e+02
1.404463131340803272e+02
1.782943721238248145e+02
2.373534868644994162e+02
2.931393618948451376e+02
1.446915372333135110e+02
4.367165330305988959e+02
4.391905595708442434e+02
2.003911702612572583e+02
2.415005001625434602e+02
2.338793277752431834e+02
2.201913394130868085e+02
2.491184959837548547e+02
2.795677174880033249e+02
1.299618934842762314e+02
2.028409419819180926e+02
1.731899592837083901e+02
1.932273597508570901e+02
2.839477431859349394e+02
3.508548496950614322e+02
2.444692181131102018e+02
3.453016583969445605e+02
1.851366993505890264e+02
2.163474776558813915e+02
1.840896550628208672e+02
4.976359471419123679e+02
2.194401951091298315e+02
6.386938516963240318e+02
3.963942319791361797e+02
1.806302906110151696e+02
2.371687736588844757e+02
1.851758346327956417e+02
1.797328394060942856e+02
2.233176154635680462e+02
1.771328888581592196e+02
4.500121936286227537e+02
6.054287649220908634e+02
2.573561250147890860e+02
5.276717064919514542e+02
2.092739649051736137e+02
1.810004594611055211e+02
6.215119231143488605e+02
3.031065497799589821e+02
2.871427672938996807e+02
2.276497328899433796e+02
2.130003632516140897e+02
1.571071989706036618e+02
2.261635185345984951e+02
1.957882634749878434e+02
2.644320608125522085e+02
2.493999161300533558e+02
1.725701646883937315e+02
1.670164851878536467e+02
2.594936442036429867e+02
2.716670846473501797e+02
4.010591838536965952e+02
2.523933394074283854e+02
2.918407608827267836e+02
2.618715832738801055e+02
5.183632854207928631e+02
2.356481868798572066e+02
2.784087295983020454e+02
1.816994618020119674e+02
2.477530851832820247e+02
3.664152962121936525e+02
3.665349469571408463e+02
2.665259416154875112e+02
2.200156053489348835e+02
3.090737663848476586e+02
2.845359477512224657e+02
2.095895989505772263e+02
3.382465115182661179e+02
2.785416184926709207e+02
1.981832058993522594e+02
2.936157566581593414e+02
3.045526821464724776e+02
2.207629096729223477e+02
3.928493774666521858e+02
2.751527555232963778e+02
1.627155307962626694e+02
2.037782124852144818e+02
2.240442358159566254e+02
2.738491781138413330e+02
3.447348094594451027e+02
2.235282391174203269e+02
1.320967029277846336e+02
2.558835132108578705e+02
1.791827158426874007e+02
1.406240069848487053e+02
3.941693171718006852e+02
3.708271662567337330e+02
3.304205430129043748e+02
3.469739200057478001e+02
2.008805133517559511e+02
2.989274064127055794e+02
3.008499809020992188e+02
2.095424748335060201e+02
3.203109651071693520e+02
3.177202124470975377e+02
2.625269791608284322e+02
2.792557854784656115e+02
1.821878650584910417e+02
3.824586503264850421e+02
1.544243827216104705e+02
2.772943373997969161e+02
1.877899462144723373e+02
2.796653089475090610e+02
2.341046738128101197e+02
2.458013963695849498e+02
1.401247798452580753e+02
2.009526640841802987e+02
2.131950958578480027e+02
2.269921773054388723e+02
1.863250238289202230e+02
1.963449423918670504e+02
2.218060098473689550e+02
1.632507165450672630e+02
1.754744534588286911e+02
1.686156880495873338e+02
2.572703803222382248e+02
2.129660404698090588e+02
3.499043340074916841e+02
1.945741440993048172e+02
5.756914648774557008e+02
1.418352470018309646e+02
3.177820930882959374e+02
3.656176555098959398e+02
2.469825998906148641e+02
2.146360026245669133e+02
2.601072845336478849e+02
2.454734415671236434e+02
1.080213697399616564e+02
1.526727569565878468e+02
1.689630062165765594e+02
3.332606429508671226e+02
2.168631108785703248e+02
5.366841415406541955e+02
1.835101148095098722e+02
2.207382174545739986e+02
1.977857706157213329e+02
1.653376084373309993e+02
5.026214060280317426e+02
3.400286848543130986e+02
2.452289226824787534e+02
2.311206030726987137e+02
1.609630735965714905e+02
3.834645334418029279e+02
2.827210099370320222e+02
3.357559396602570132e+02
1.816956220123546757e+02
3.255822730325355678e+02
3.732254345452308826e+02
3.286047971768460911e+02
1.667546812800476346e+02
3.084933778659955692e+02
1.997218968327566984e+02
2.343487506120585238e+02
2.082792271842136813e+02
2.188398521145551854e+02
3.297790877700155647e+02
5.047829216319496481e+02
3.245728857554875617e+02
2.784353065337320459e+02
2.284944789241375815e+02
2.785663450313257954e+02
2.223812797632471927e+02
3.958094354537723234e+02
2.325206628789775323e+02
1.958408962790697956e+02
2.730545726272057436e+02
2.075112564131502779e+02
1.539852044947857337e+02
1.597661166739266605e+02
1.901958266830627053e+02
7.472356477548050862e+02
2.069088904679923075e+02
3.467076537132307976e+02
5.421789862764971986e+02
3.008822527229744992e+02
1.776475703917467683e+02
3.086798480017459951e+02
1.962878484628042486e+02
2.069005574715763771e+02
2.370940727495702447e+02
5.249631097928992176e+02
1.733856015091759843e+02
4.380325674981755810e+02
2.311781387235880629e+02
2.016029731584976901e+02
2.223884832799386686e+02
1.568376322424059879e+02
1.345498900696031512e+02
1.960068118544415938e+02
2.449596717878293930e+02
3.994638031209967721e+02
3.860983803593158541e+02
2.730124709415014195e+02
1.583498437094303881e+02
1.695110763675396299e+02
2.516151950307341281e+02
3.324812579358227822e+02
2.495413582657614597e+02
1.836800191648026157e+02
4.116109643011015464e+02
4.628710785890463058e+02
5.560551122524304901e+02
2.208562622478073649e+02
2.046056521678709714e+02
3.540952657437454150e+02
3.120422118047364961e+02
5.380860149616324861e+02
4.381253368380819779e+02
3.437604364498483847e+02
2.912780409635077490e+02
2.307403040672517136e+02
4.579949343822843844e+02
2.707060222870635471e+02
4.205061998808698718e+02
2.084143863228181317e+02
3.418625146225098774e+02
2.047769421504838476e+02
2.165887553298028081e+02
1.811472724053052161e+02
3.675798900259125617e+02
2.423754081581267883e+02
5.259962787714958949e+02
6.905386706243181152e+02
1.761345470789185867e+02
4.759387588270662377e+02
4.764052141354830496e+02
3.802687282947373433e+02
2.963192213038433351e+02
3.021128263009685497e+02
2.380911444307822649e+02
1.916895099946923153e+02
2.501852901444636075e+02
2.337251588500308230e+02
1.916736655142105121e+02
2.313299574694607941e+02
4.410692109243942127e+02
2.687905196639097767e+02
2.603152134601813827e+02
3.491684649727789633e+02
1.704390438145098585e+02
2.778248895082052741e+02
2.215732191023762994e+02
2.011242620722118488e+02
3.625573918478899600e+02
3.327144273957550809e+02
2.021543619085674948e+02
1.807331986310063030e+02
3.603874915634102081e+02
4.585986829841111216e+02
3.217152170595464327e+02
3.060573469408520282e+02
1.746535339084106795e+02
2.061729510777085750e+02
1.856604981276902890e+02
3.619404184647207785e+02
4.319937739780314701e+02
2.178389976624456779e+02
3.815684371438981657e+02
3.955734352340273290e+02
2.284081935736243736e+02
2.055594309821577212e+02
3.378948986930885781e+02
2.471060888047916535e+02
3.257147639921922178e+02
2.372486498948295264e+02
1.747066315445424038e+02
2.294570872597493860e+02
4.308812073086449459e+02
2.057758585861233769e+02
3.473759450429724893e+02
1.914289538080151942e+02
3.944407035233189163e+02
1.608439231961777693e+02
1.500104162878170371e+02
2.423130737452702874e+02
2.988091995353299239e+02
3.381590840578878101e+02
1.692154059098400296e+02
4.478481413215513953e+02
3.720316158100911821e+02
3.451842498375284549e+02
6.028803907147905647e+02
4.563434048136493857e+02
7.417783377073006932e+02
4.837377246358175853e+02
4.558786332490151949e+02
4.502234546688444539e+02
3.137947126372153548e+02
3.053149913455978890e+02
4.931956206072401301e+02
3.054253776755376180e+02
3.039816819652036202e+02
6.230206251680372134e+02
3.635344792561098757e+02
2.461565595782529670e+02
3.794470887668186379e+02
2.476070170043379051e+02
4.853281673808492656e+02
3.972847551852755714e+02
4.321703255100680963e+02
2.461571289678421124e+02
2.261171883444656316e+02
2.492761398832406314e+02
3.291611600122905656e+02
2.165905315562443434e+02
2.214578841249764309e+02
2.347190360301949568e+02
1.953276316167827531e+02
2.303434421606587250e+02
2.811843384373315757e+02
7.370554883214297206e+02
3.125758029070926227e+02
4.370617968494246952e+02
6.180875758530540907e+02
8.687131431552792264e+02
6.188116730154084735e+02
2.685731657659450775e+02
1.933521892751626012e+02
3.085162216761207219e+02
4.514259272455892642e+02
4.235386359998424837e+02
1.383489289297083644e+02
2.679187000751389292e+02
2.879358571774225766e+02
2.225328242901904900e+02
2.144619827436048070e+02
6.510951044085733201e+02
3.065675075334062285e+02
2.944235179552818522e+02
4.347736920282425785e+02
4.095536068718349725e+02
2.687367440854553138e+02
1.802311594965014478e+02
4.914126444660252560e+02
2.911845833530206846e+02
2.139555150408615987e+02
2.103769583338947484e+02
4.203210070144068595e+02
1.865745188220953708e+02
3.059987423912190820e+02
3.207837426233364226e+02
3.471080737354234884e+02
1.859643590517725045e+02
3.708432404354223877e+02
2.406969672495203554e+02
2.358241784926260323e+02
6.415020442264116127e+02
2.726566937614530275e+02
8.168692246422486960e+02
3.307181028709384236e+02
5.666476301405244840e+02
4.315400688869594887e+02
2.358702751650695291e+02
2.696665921769690044e+02
2.015691770229574615e+02
5.407823826641050573e+02
2.594728770598925962e+02
2.227280265113044493e+02
1.795276944702659989e+02
1.914192809780956566e+02
3.785177351305423485e+02
3.486503518796414482e+02
3.946226497439479886e+02
1.860573376148542764e+02
4.782347257503482751e+02
1.725594936791363523e+02
2.840314271052286017e+02
2.807955712278466649e+02
2.214117296161582829e+02
3.531924384470216864e+02
2.064967128305494839e+02
3.703833457948283012e+02
1.461927711752435357e+02
2.485301891225018380e+02
3.222557055805439745e+02
2.084182058503397741e+02
2.377871280015875186e+02
2.228774296129718380e+02
4.406509526903458891e+02
1.936248264950083069e+02
2.070613617426662927e+02
2.182974920457656083e+02
1.992806100928254125e+02
3.024541838723462206e+02
2.058255053855125993e+02
2.101442616016549607e+02
2.635562240554720006e+02
2.442926274156715181e+02
5.580612262628330882e+02
4.774454478899178866e+02
2.145638257962273201e+02
2.620937550760662020e+02
4.481969541692725443e+02
3.238930184030526220e+02
3.542830939482234385e+02
2.094585122648276183e+02
5.724277235840276035e+02
2.704896268865041407e+02
3.222055207064050251e+02
2.833016839582074340e+02
4.210285049161314532e+02
1.798751381591227698e+02
3.018177078593563465e+02
2.803441816327276683e+02
1.094304521205731817e+03
1.611102086039463472e+02
1.375169503039063272e+02
2.109571769376836414e+02
2.840244494690771262e+02
1.671167695118814720e+02
4.679754100123091689e+02
2.199112021916406832e+02
1.782459153880609506e+02
1.856445113222007421e+02
3.570228881033995094e+02
2.238566013775793238e+02
2.211366866069782020e+02
4.751489935540954548e+02
3.523389467292499262e+02
2.482378306414255178e+02
1.659873388643612486e+02
9.498621359935350483e+02
3.408398652110896023e+02
2.759985059362737729e+02
2.810760404701467223e+02
4.480530053870433562e+02
3.115082500869955879e+02
1.344024678796002377e+02
1.620655834751719340e+02
3.558341876590144466e+02
1.682631615917680961e+02
2.119149510078452181e+02
2.163271830076653828e+02
2.893810803084941199e+02
1.946276066152804844e+02
2.743518770864872067e+02
1.859165325805701627e+02
2.128149857421906574e+02
4.051077785670465801e+02
3.126817931603711713e+02
1.790069852748747508e+02
2.041228750518403956e+02
3.399325407909898331e+02
2.073582390635916965e+02
2.281504917947773947e+02
2.257357710653232914e+02
2.762962417606688632e+02
2.747907422167856453e+02
1.923567887109288392e+02
4.139143076624221749e+02
4.435667322082413193e+02
2.332691919636286286e+02
3.291490215266441055e+02
7.742859470512670441e+02
4.106200972375206106e+02
2.479678209009228738e+02
5.199603802295093828e+02
2.886702528272607537e+02
2.143605175233566911e+02
4.169779927720446153e+02
3.256953628664922462e+02
3.318428497016710139e+02
3.548041347382160211e+02
3.595282641886815327e+02
3.402525260115193078e+02
3.454197305819833446e+02
8.654732925399732721e+02
6.328509879519307333e+02
8.211621741175468969e+02
3.632792281654207045e+02
4.183352542448084819e+02
4.996987098324613044e+02
5.472973760220202166e+02
4.636958442743286355e+02
3.870584158977640641e+02
4.315041644569030268e+02
3.053620141481739552e+02
2.423790732812863951e+02
2.688879859161597778e+02
5.244045990647102826e+02
5.940993152760075873e+02
1.950447149963135303e+02
5.061218624258473255e+02
3.535367229991027216e+02
2.462745310529467702e+02
3.248938642132242762e+02
2.099364917250593976e+02
3.119079938595027670e+02
2.000752643311589338e+02
2.772463881482521515e+02
2.808290094799951930e+02
2.671522592986685822e+02
3.013171363613226958e+02
3.205145655573079466e+02
4.501168450048133991e+02
3.535032333157022322e+02
2.523766005608832472e+02
3.213921199263777453e+02
3.682339415214592009e+02
3.399096989553565322e+02
2.570641062289116121e+02
2.665829126472351618e+02
3.403387959882448399e+02
6.401787472771146668e+02
4.878305962367671214e+02
3.062529059816420727e+02
3.412949160820695056e+02
4.113293503992163096e+02
4.663267756829769155e+02
4.727642905654793708e+02
6.484356451523300393e+02
6.646443077114379321e+02
4.842754714479712561e+02
9.347202347975018029e+02
5.176506416436207019e+02
3.872975517637365783e+02
4.494175092721503120e+02
5.387509940737802481e+02
4.419752068337204491e+02
3.126564264143016203e+02
5.970224212104484423e+02
3.097124934781964498e+02
3.601773836616235371e+02
4.441223842405505025e+02
2.821028275263450382e+02
7.077029623428562672e+02
4.792172428088261427e+02
1.912219558114846620e+02
6.939767123195066461e+02
2.363696767610862821e+02
4.027920759607400214e+02
3.592613832186737000e+02
4.599606805686194093e+02
4.106321595999705778e+02
2.339460133143983569e+02
2.273174127998793494e+02
5.894132590079186684e+02
5.990484418478514499e+02
2.499640255107260600e+02
5.628683591682879523e+02
5.970691255297717817e+02
2.203183075276512000e+02
3.011988497941899254e+02
3.244208776472860336e+02
4.983069464025058437e+02
2.466545866266315272e+02
2.427726563880607387e+02
2.300247396552825023e+02
2.904887427449857569e+02
4.018613130516693559e+02
2.155769797055423567e+02
3.615776632109282787e+02
2.846702289841116453e+02
2.158077001200681195e+02
3.548177350970562429e+02
3.321596130110847866e+02
2.320226487773899464e+02
3.108488876740369733e+02
2.110722079535698867e+02
2.418096148623314150e+02
4.572557497905534092e+02
3.925745311263352164e+02
3.684676349592456859e+02
6.011950158348404329e+02
2.936203971190923312e+02
2.168036731981287630e+02
4.017879304571117700e+02
2.700675648687525268e+02
2.461359254617341605e+02
3.156642789142210859e+02
3.442899542834866793e+02
2.926748783989064009e+02
7.532351465756238440e+02
3.182443185421744829e+02
8.565320330626918803e+02
2.742433417229805173e+02
2.183278198320710999e+02
2.571780056477009566e+02
2.361346694079302608e+02
2.991822920854955896e+02
4.065285937556896556e+02
8.738133661848870588e+02
5.214151514925124502e+02
4.779207525184027645e+02
6.717457858048379649e+02
5.349594749531570415e+02
6.096040041196772563e+02
2.818635784739193468e+02
7.121282599403373297e+02
5.574201235729509563e+02
4.256076584587688103e+02
2.532935355544373976e+02
2.244441675742566531e+02
2.517442535953985896e+02
3.297412592929276229e+02
2.223933328781591001e+02
2.204293291433260435e+02
2.689906195989161688e+02
2.581836269405913526e+02
3.447690578169319906e+02
4.918279763440837655e+02
4.001759553295884757e+02
5.015237244067389497e+02
5.361197940469567129e+02
1.143585109080549273e+03
6.570409188257127653e+02
4.522622858279597722e+02
5.038281632395261909e+02
2.747619854466684615e+02
1.073286956305374588e+03
3.876984799718528620e+02
7.569586862110899119e+02
5.280582726832783464e+02
5.788808839057439855e+02
5.777151698590721480e+02
7.383244441572536516e+02
5.818140205793091582e+02
4.094470042969134624e+02
7.172234360483672617e+02
6.082085317083192422e+02
7.028282905871532193e+02
4.820525730005364835e+02
3.179338997513811478e+02
2.548138411157871985e+02
2.421776439215289827e+02
2.425025588850657243e+02
2.933885299575613885e+02
2.632742142994188157e+02
2.141565899591467144e+02
3.417098466087211364e+02
5.661309941615887737e+02
3.589123495897462703e+02
5.665119347406420047e+02
8.341723928295194810e+02
4.478231546199141349e+02
5.121376008315214676e+02
5.174915153253721201e+02
5.305194841094356661e+02
6.247242299720822984e+02
5.481227226508721060e+02
4.021178154217667498e+02
8.389518675336959177e+02
3.880117862633762229e+02
9.977795169503701800e+02
7.146990347766213745e+02
4.738615105047231282e+02
1.146048000299845853e+03
2.606156059004483154e+02
3.748865363095513885e+02
2.676608509106629867e+02
3.079516729670320956e+02
3.586522215905905000e+02
4.485655611749860441e+02
4.826720166471089328e+02
3.933556437006193391e+02
5.259662244086119927e+02
7.062983234943759498e+02
3.719125914934859907e+02
1.062127502442707737e+03
6.060930453908449635e+02
4.676066055458444453e+02
4.490854872053259328e+02
5.057232725685268520e+02
3.591644971213676740e+02
5.675160952898460209e+02
7.165130555295893373e+02
4.752286533200417580e+02
6.870263375977247051e+02
7.564973975504857435e+02
3.968423746509433840e+02
1.134784154053613975e+03
5.561470768797163373e+02
7.420104873928758025e+02
7.210354004367625294e+02
7.432246518144718266e+02
1.317221335321101378e+03
7.556519651879384583e+02
7.901977178808363078e+02
7.097438491656816950e+02
9.008872906187458511e+02
1.314441671901417976e+03
3.790506330856495083e+02
5.245388847308902314e+02
7.828206474622840005e+02
3.915756782935413867e+02
2.932568529902101773e+02
4.552711838112560372e+02
5.419943742598815106e+02
8.094481788205931707e+02
6.626937052561638666e+02
4.803594293949445841e+02
6.963542011779528593e+02
4.180725401140847453e+02
3.928609716728586250e+02
4.957311331402720498e+02
9.445477347195783295e+02
5.189919026291797763e+02
9.519677702671284578e+02
4.495041434672162382e+02
7.190190626332057491e+02
9.588500110685554318e+02
5.724744005926097543e+02
3.852383469281938346e+02
5.394044851883472802e+02
4.384794096339491603e+02
8.792390813810488908e+02
9.571545925267050734e+02
8.913268716395117508e+02
8.616859474798903875e+02
1.181154246391425886e+03
7.329016238713937810e+02
1.441666273611044062e+03
5.621606346815502775e+02
4.126106759028333499e+02
3.001677192726324392e+02
3.352298904351340525e+02
3.244326044319657285e+02
4.671832885563438253e+02
4.088721412927546339e+02
3.881668687225289887e+02
5.079334192266109085e+02
6.398940092913411490e+02
7.207662719436098087e+02
1.111170820583053910e+03
1.023199032332829233e+03
5.929383857671903115e+02
7.679476491389640387e+02
1.400148132120628134e+03
4.995151747658945283e+02
6.534190029762563654e+02
9.164076079776032202e+02
1.198645741481511550e+03
7.429980070860212891e+02
7.470018479220942709e+02
3.678718933264104294e+02
5.205793566562588239e+02
3.090639712882479557e+02
4.411146951703065042e+02
3.226387766816497447e+02
3.063851786848267125e+02
3.718956020306664527e+02
5.355009074579455728e+02
3.578353196010093598e+02
4.366327724085766704e+02
4.838115966853109740e+02
3.740317424605804604e+02
3.746353245837566988e+02
3.894458902037630423e+02
4.502508868012848211e+02
6.807591470899551496e+02
8.387256054849096927e+02
5.150612568890727516e+02
3.939767507869612473e+02
4.040239454483864279e+02
4.523418452025961756e+02
3.650344780677947938e+02
3.495980722903123592e+02
5.448388055048764045e+02
5.852417814839176344e+02
3.859527795612705745e+02
4.782409724221833471e+02
3.939183013706519887e+02
4.354892656075859350e+02
3.910371852183864121e+02
5.146730917404720458e+02
3.248902615719291020e+02
5.592403858315736898e+02
4.463236991653881773e+02
2.606957384535473921e+02
3.396970876617532440e+02
2.512716013718113004e+02
2.755936090011607575e+02
3.382473858359711016e+02
2.378829637177114478e+02
3.179108197998223773e+02
2.777784074177486673e+02
3.065086946991066270e+02
4.413552706645185140e+02
2.824447109341936653e+02
3.416996562170167522e+02
4.211302732247731910e+02
3.319487330710977631e+02
4.137475884393184060e+02
3.889998288963157620e+02
4.647471023592212873e+02
4.129944634612596133e+02
4.802216294383590593e+02
7.307095689439355510e+02
8.600166621321935736e+02
9.025624886672217144e+02
1.014540852778753560e+03
8.075080702867325044e+02
1.018992498842064720e+03
4.350068845355484655e+02
5.851087255709695683e+02
5.308146833818859704e+02
5.037056792418397322e+02
4.184200256378317704e+02
7.133591106043500076e+02
5.472071155248700052e+02
7.011702218030948188e+02
7.898099243266318581e+02
6.824860582856316569e+02
4.367789927895075834e+02
9.091450902241792846e+02
5.454226497757856578e+02
4.824135978807876768e+02
8.895792643264492199e+02
9.936576396139009830e+02
6.071362053413726017e+02
1.168339170370128386e+03
4.022688785851811986e+02
4.613460277308641935e+02
3.606924530069041452e+02
4.094212363210554599e+02
3.493301095688518672e+02
2.926893492890170592e+02
3.042594909412531479e+02
3.630939197386549608e+02
2.877130180636306704e+02
3.185406396546799783e+02
2.479979140258489281e+02
9.505293675032587544e+02
2.477892904947030956e+02
9.702502452897166449e+02
3.052155691029901163e+02
3.224262469310303914e+02
3.950162400167419037e+02
5.202644863608915102e+02
3.321988444437585031e+02
5.433707979187452111e+02
2.879981689644922653e+02
3.835160639528073716e+02
3.348747785744017733e+02
4.255160982319909522e+02
3.949851860604668445e+02
6.638328217378447107e+02
2.811505296733834598e+02
4.386879879318889266e+02
3.272487511680863008e+02
4.874253662817548616e+02
4.093828783078259903e+02
4.801124157665627195e+02
6.244286853697544757e+02
1.099159361827220664e+03
6.107185780714643215e+02
1.097117753521182976e+03
6.349933377982998763e+02
1.003735337771237141e+03
1.157060239712654266e+03
1.158014103176937397e+03
8.075947310047138217e+02
7.660412739836856417e+02
5.931717283843534005e+02
5.747634395252177910e+02
5.868350494613429191e+02
8.455771347436854057e+02
6.293884661731068491e+02
4.856130184383346204e+02
9.855445962762166801e+02
9.120104722297959370e+02
6.888157738689784537e+02
1.107441494205970912e+03
1.184791359902450495e+03
1.475977138628172270e+03
1.248158874876146683e+03
1.269657154556233991e+03
1.205489314448395817e+03
1.463494489989527438e+03
1.476557885929253871e+03
1.342397034759641883e+03
1.250861886898772127e+03
1.172356225762041049e+03
1.013140009859633324e+03
1.264757845684197719e+03
1.362295638473657391e+03
1.048135215185717016e+03
1.088417334183241792e+03
1.182515176588407485e+03
1.204731401405612587e+03
6.623771080452472688e+02
4.363059898338005382e+02
3.461640208509584795e+02
2.765054187085111153e+02
2.024972826496026528e+02
1.906824130778362303e+02
2.387163946463549280e+02
2.013571798799658268e+02
2.277117144546452892e+02
2.265008589211379331e+02
2.446185266052937664e+02
2.502426736073826419e+02
2.262349382868488590e+02
2.636854245302125719e+02
1.932438131579104663e+02
2.001529501387301195e+02
1.785596831321126956e+02
1.888738689311087455e+02
2.441723228029381403e+02
2.196728296085874490e+02
1.929240885566318298e+02
2.208157851725086402e+02
1.927586776475511670e+02
1.717833959594079545e+02
1.930926690920800297e+02
2.002682813343637633e+02
2.028401564020490753e+02
2.372551937532807926e+02
2.021824041927838778e+02
1.857449626469449129e+02
1.881757054884872957e+02
1.657046063455502747e+02
1.733549192335934492e+02
2.060621609763005893e+02
2.031947061723566321e+02
1.986128737695075017e+02
1.864163667067757615e+02
2.085571558576203870e+02
2.017117152229718329e+02
1.903117782482586904e+02
2.128713347912222389e+02
1.834895563217260133e+02
1.810858825755764485e+02
1.935773856376561923e+02
2.252659391205152417e+02
1.794482708589614504e+02
1.926622176102648609e+02
1.718704222341555692e+02
1.464738257028459714e+02
1.800827724441786586e+02
1.925976377383790634e+02
1.718205210784705059e+02
1.913561207236536461e+02
1.839356811282611943e+02
2.048005789585128014e+02
1.655040685087135728e+02
1.722882995855054844e+02
2.288591146881118448e+02
2.111892260914469261e+02
2.509185215304208612e+02
2.274043229493956630e+02
1.886194885645593331e+02
2.365488365899132077e+02
2.257097212638534245e+02
2.641927589777887988e+02
2.535617131560414066e+02
3.071880350273626163e+02
2.942885639413087802e+02
3.023255901532921825e+02
3.094940217559511666e+02
2.848640082457536096e+02
3.052562388691453634e+02
2.661887626864679532e+02
2.509991324176025103e+02
2.097217966305324239e+02
2.202300577150211325e+02
2.590140163357859819e+02
2.412300324203634432e+02
2.464669534066927952e+02
2.333073540656755824e+02
2.387571358044775423e+02
2.009132360558931509e+02
2.873449300860642097e+02
2.386159748070909075e+02
2.173699194057952013e+02
2.308865510914095580e+02
2.319453493159304287e+02
2.276172452110361633e+02
2.310367263546251024e+02
3.117821594083365540e+02
2.993833917655304049e+02
2.142893705123996710e+02
2.154075986679179664e+02
2.182767032289729627e+02
2.261501787692272671e+02
2.742393387180212017e+02
2.526754297104994009e+02
3.140320836974339045e+02
2.611417080571100087e+02
3.470992204175353208e+02
2.762914187346982544e+02
2.837871361196791895e+02
3.691796224343958102e+02
3.064939061369842079e+02
3.505629679988125531e+02
3.271197092183450650e+02
3.070928155690589278e+02
2.998974586749861828e+02
3.118557509877894063e+02
2.690127129251336555e+02
3.072070936779069257e+02
2.750987748200128635e+02
2.960596081318385018e+02
2.865965571203763602e+02
2.212894112003866667e+02
2.569063736148660269e+02
2.585183280790292315e+02
3.228952610690842562e+02
2.907599447451788706e+02
2.872117931045362411e+02
2.985070401349956342e+02
2.865536483088223463e+02
5.201834261775414916e+02
5.664596987086340505e+02
5.196225751537023143e+02
5.536268772317398543e+02
6.008842826224512237e+02
5.267588610454207583e+02
6.144286902658951703e+02
4.309679043759866204e+02
3.675206241301790442e+02
4.216142207495392427e+02
3.627509186720841967e+02
4.465050987684314805e+02
5.097638856177113098e+02
4.144177578308866714e+02
3.726430574799643978e+02
4.605684227963178046e+02
4.939883016460925091e+02
4.923029132046363543e+02
4.539220159909256154e+02
9.751089967362477182e+02
1.130763867128049469e+03
1.551569872705218359e+03
1.363040969220310672e+03
2.989888238056315117e+02
2.997234124645053157e+02
2.545116262027660241e+02
3.189044743350392537e+02
3.598514842946929093e+02
3.039150024248343698e+02
3.440247293822415031e+02
2.807332911074884123e+02
2.963513920904157430e+02
3.323420436044858661e+02
3.539458345770016763e+02
2.912354592235383848e+02
2.477702203651869013e+02
3.337664414681262883e+02
2.841009468749103348e+02
2.947041826760683421e+02
2.642511243341045315e+02
3.174199785178242337e+02
3.004727469326444975e+02
2.967600767946520932e+02
3.416834244658937223e+02
3.275012451262712148e+02
2.991750005572812938e+02
3.818348716833357344e+02
3.481319973347421524e+02
2.840028952161899269e+02
3.261618094452342120e+02
2.929092572508812964e+02
2.864279117428088739e+02
3.363937915422118294e+02
2.952493320422944407e+02
3.695642943043320656e+02
3.209272852497397253e+02
4.000082921928533324e+02
3.230025534305598853e+02
4.066565933214395727e+02
3.960400490267392115e+02
3.387943285469485204e+02
5.552043821852136034e+02
4.729946463229778146e+02
3.937377577945643452e+02
3.765659191230888609e+02
5.549034162767866292e+02
4.158026985125201804e+02
6.343919943640121346e+02
1.010296563803399295e+03
5.309486566096569504e+02
4.580131709608029382e+02
5.005487007045238670e+02
5.119062744361780233e+02
4.668402582656081563e+02
4.611868131771389585e+02
3.627972956798838027e+02
7.715066013821551678e+02
7.860038538824868510e+02
5.840940264161857840e+02
6.182459854669147035e+02
4.122283688906174461e+02
7.019446220141570620e+02
5.566580235625106070e+02
4.249898384390361343e+02
5.260282653231474796e+02
7.513360620772369884e+02
1.005646357663276831e+03
1.506928106066716964e+03
1.420063144733303716e+03
2.199211333731730349e+02
2.435526275121202389e+02
2.640222504244921993e+02
2.418313457057038818e+02
2.357343061755697136e+02
3.358684807326500277e+02
3.134583948981240837e+02
3.510672491528297314e+02
3.726881756044749636e+02
4.415028049598574285e+02
4.492115535459241755e+02
3.336179752173500788e+02
4.155494744955507826e+02
3.911707444971201539e+02
4.225800490795707560e+02
4.752833174393249465e+02
8.285430911728362844e+02
6.851935145275600689e+02
8.188172578508696233e+02
1.179315983615946379e+03
8.660929630471111977e+02
8.029253757633791793e+02
1.516444800813078245e+03
1.024261982756313955e+03
5.919799191464053365e+02
4.788108681705788285e+02
5.477949998337587658e+02
5.959232512860376119e+02
6.309770186870676980e+02
5.109171397106975974e+02
5.637128265727320695e+02
5.099633657476572353e+02
4.813761508592684208e+02
6.838300983821809496e+02
7.148911570303685039e+02
6.275844950126313506e+02
8.037000453202044810e+02
9.403839753388484723e+02
1.534909741186524343e+03
1.568226060336690352e+03
1.571751290438505293e+03
6.804662012061222640e+02
1.412055904973087991e+03
1.140726906091263118e+03
1.157436686117271393e+03
6.371349187052610432e+02
5.582357303623690541e+02
6.565578055472753931e+02
7.245135252201280309e+02
7.408348673288256805e+02
9.138441794737818782e+02
7.887589203229865689e+02
6.714391468266452421e+02
5.695935185880988456e+02
7.528023972508319730e+02
1.251943264197135932e+03
1.200962563896225447e+03
4.693875905293752453e+02
4.729709587643093869e+02
6.185995262161525261e+02
4.177353956464031057e+02
5.424609203276187372e+02
6.904868297009056732e+02
9.717509073468932002e+02
1.088446321245223999e+03
1.216838412991580526e+03
1.398904465973208289e+03
1.232176864217354932e+03
1.358345350150207423e+03
1.135551513091971628e+03
1.258711971393578551e+03
1.309941593756757356e+03
1.220480431480456900e+03
1.433361976635424753e+03
1.393069555566476083e+03
5.826092938223249575e+02
7.429116847035625142e+02
5.163355561159619356e+02
5.580498087932866156e+02
6.246659697965978921e+02
9.262729229998483333e+02
9.372118944861420005e+02
6.938145113629724392e+02
6.722687643081119404e+02
6.237980474468367902e+02
1.317091362922763437e+03
1.393073653822482356e+03
1.418207781097800080e+03
9.400590466939866019e+02
1.471727354601353682e+03
1.322549548807204246e+03
1.248266082683308696e+03
8.574424948002967994e+02
3.645613889145785151e+02
9.380137985007332873e+02
9.605718366243356741e+02
1.274855525860823491e+03
7.402671047828698647e+02
6.027129577189250540e+02
1.000678612979871787e+03
9.510218346175894339e+02
1.172819507913492316e+03
9.168790971169852355e+02
1.356699059881922039e+03
6.331568593618269460e+02
4.350849605193417915e+02
3.805665242794590313e+02
3.469091984749349535e+02
3.882620121345333359e+02
3.547758524904860451e+02
3.318704018193505476e+02
3.492644053449880062e+02
3.814497589209791499e+02
3.851036076832967296e+02
3.286848421125873188e+02
3.156775705606436304e+02
3.587934534464582157e+02
4.240371911863670675e+02
3.567561006305057845e+02
3.540919992751919949e+02
3.645227373685971202e+02
3.926681822138111784e+02
3.065258764571249799e+02
3.148125478717178112e+02
3.413713264405089376e+02
3.301286998917192363e+02
3.572683765435982082e+02
3.532851864945099010e+02
3.411611322603474719e+02
3.718745069490244646e+02
3.683882702348610110e+02
3.822966754396060765e+02
3.606742174412477766e+02
3.384448937284478234e+02
3.559043853339803150e+02
3.672884061900188044e+02
3.668088329035742277e+02
4.596706348063338510e+02
4.676241600804287373e+02
5.185914546571309529e+02
5.988630860010403012e+02
5.777845020270535770e+02
6.420964824140941118e+02
5.642083825158761101e+02
6.709148944063043700e+02
3.882819787574366615e+02
5.502491421654988244e+02
5.484826858752478529e+02
8.442953693132214994e+02
7.107995178210906033e+02
9.325870560101163846e+02
3.928014821875150915e+02
4.664455246084078794e+02
4.859482039119289993e+02
4.305022910920786785e+02
4.639015452620791962e+02
5.706284284904892274e+02
5.859669531334494650e+02
6.206716726160623239e+02
5.513717436535492880e+02
6.300625571224776422e+02
9.452225939790282609e+02
1.086841535016650369e+03
1.416610785686592635e+03
1.117484461958237034e+03
1.511770441362016300e+03
1.506986896527800354e+03
1.329097637618532644e+03
1.387793293431662732e+03
1.302131238371863901e+03
1.252501153683376515e+03
1.028070734276851908e+03
6.884921195061081107e+02
4.518480244991509380e+02
4.230294061713490237e+02
3.558680990027301618e+02
3.217056322237944528e+02
2.837564970419771839e+02
2.993881482753459409e+02
2.884895813697277731e+02
3.144071961657799648e+02
3.200320782478197543e+02
2.899569922283869801e+02
3.123182681031897232e+02
3.258887107215637684e+02
3.572415173080458430e+02
4.504273543375653617e+02
3.987575863608912528e+02
3.732151369335756499e+02
4.609573119154360938e+02
4.089373837789381696e+02
3.851696081303273331e+02
3.446186622820098364e+02
2.937991165884251927e+02
2.996349494310367731e+02
2.995184624619764122e+02
2.337647999584135050e+02
3.078689219130216657e+02
2.777640033568474109e+02
2.539995678630035059e+02
2.427896328609636782e+02
2.384333955005499490e+02
2.271625213896084574e+02
2.928244523049061172e+02
3.106729565842618399e+02
3.217605253284143600e+02
3.171774544744584432e+02
4.058686927542186140e+02
4.138753354742933652e+02
3.522033731787500415e+02
3.458663114064675028e+02
3.359550510998316781e+02
3.151530246631032810e+02
3.272605225680598551e+02
3.232142790807498614e+02
3.562870120978229238e+02
3.754936928457332783e+02
3.400045217628030514e+02
3.846709624703786403e+02
3.751461783565228529e+02
3.455889391206108598e+02
3.289592086194671197e+02
3.442972872064527792e+02
3.799511038463575687e+02
3.479113363365028135e+02
2.613888700924761110e+02
2.786248320801948353e+02
2.913967926437214260e+02
3.102391158920723910e+02
3.546719742655716345e+02
3.927162218106954583e+02
3.426559341568195691e+02
2.427213394571334106e+02
3.280009796412591641e+02
3.051518252761902090e+02
3.369220542286326463e+02
3.263067055384841524e+02
3.258027755813897670e+02
3.812999470994768103e+02
3.994987487490352009e+02
4.003425194025315932e+02
4.235043997041510693e+02
4.684842482623770934e+02
4.071774366455388758e+02
3.868529424202522478e+02
3.889512850046395442e+02
4.375566846323124537e+02
4.032199262637190031e+02
4.228142548718981857e+02
4.039265285993164412e+02
3.596195560195236567e+02
3.945276640994043191e+02
3.864658927557331936e+02
4.153573678337792217e+02
4.198193546615625564e+02
4.122915121378425169e+02
4.238048904008373938e+02
4.202434940041605955e+02
4.222285286241157110e+02
4.489975016514076174e+02
4.559864410489036004e+02
4.743178974107413524e+02
4.104593677001928995e+02
4.629763079945032587e+02
4.413862875976902274e+02
4.482413204635479360e+02
4.194889866120267925e+02
4.293396905987166861e+02
4.450490831134430323e+02
4.827881243128895790e+02
5.319181004133135957e+02
6.954852248440454332e+02
7.493383647612570257e+02
7.106858528796764176e+02
1.173453041750697594e+03
1.016203453237284862e+03
8.688759040141736705e+02
6.757947520580936498e+02
8.424700729697004817e+02
6.792802676853681305e+02
8.754400269804901882e+02
1.302674456034926379e+03
1.547706972660280371e+03
1.374266569351949329e+03
9.408427619709666487e+02
9.479821881983281173e+02
1.264097019264527717e+03
1.147065572302502687e+03
1.097992859477481716e+03
1.528324690935227181e+03
1.370771864243685741e+03
1.054679713733091603e+03
1.008861549534055484e+03
8.732111855966795702e+02
8.019733509591202392e+02
7.359252293634676789e+02
6.373766308518867163e+02
6.666800847293694687e+02
5.742260460108431062e+02
7.469551148841794657e+02
4.690344742392471176e+02
4.981055938271932177e+02
3.805960180930219394e+02
4.245110544006589066e+02
5.001359767411119606e+02
5.509104707702625774e+02
5.805347250975034967e+02
5.190563534448350538e+02
6.099770932780546673e+02
6.459905553413450434e+02
1.475942610221261702e+03
1.417739917412002796e+03
1.369983631710081909e+03
1.332544548188323006e+03
1.623761084733587040e+03
1.398993485014317912e+03
8.029597526243437642e+02
6.829240636577767418e+02
5.645329653661306111e+02
9.610725083274604685e+02
5.977029959674689508e+02
5.520387097424084004e+02
6.270975766799359690e+02
7.017971282055225402e+02
7.015278081377350645e+02
5.333964619418778739e+02
5.318396190525533029e+02
4.435517554897087393e+02
5.490867161434416630e+02
5.699058739617364608e+02
6.044825749260428438e+02
6.990064524861963946e+02
9.670649289658817906e+02
1.244278291591190055e+03
1.447985536240327519e+03
1.386719050993669725e+03
1.591461728737717294e+03
1.226201966059902816e+03
1.245796267306659502e+03
1.177628016269184172e+03
1.237090198286352233e+03
1.281963689249282424e+03
1.360397478374801494e+03
1.216227352322466231e+03
7.131771053819970803e+02
5.430406750339557220e+02
1.179486603169372302e+03
1.272826487480728247e+03
4.714223995792282267e+02
4.923369622218917243e+02
4.384542465207209148e+02
9.205128279525670223e+02
4.800432257197180661e+02
3.880847654684424128e+02
1.109774634545173740e+03
1.179096481586195523e+03
9.591205433720238034e+02
7.713773669079553201e+02
8.981610173785840061e+02
6.079409946323863778e+02
1.152039247391343224e+03
1.356242712231661244e+03
1.385698738152023680e+03
1.415480911978502718e+03
1.324480869699367759e+03
1.266860670605010000e+03
1.411448414155024466e+03
1.452219247516492942e+03
1.152664914629663144e+03
1.166961245455314611e+03
1.202388078086466521e+03
9.417512966740978300e+02
7.294607833323057093e+02
6.756114086526680467e+02
1.228944240231066260e+03
1.397095111181715083e+03
1.435565113771704091e+03
5.814492751285390568e+02
1.025892157424804054e+03
1.453135131185147657e+03
7.465961265155938236e+02
1.288028842022746403e+03
1.452600149674253089e+03
1.380209529532065062e+03
1.438077206128764601e+03
1.498454520511796318e+03
1.227038798233750185e+03
1.161971972818022550e+03
1.222574348344651071e+03
1.217271466938374033e+03
1.307950978329095733e+03
1.380120613184220929e+03
5.891289106729744844e+02
3.390494951924874272e+02
3.039900383810069115e+02
2.628970673261519551e+02
3.009134402128314605e+02
2.797460777845235498e+02
2.481506274696145624e+02
2.925268805276472790e+02
2.549547818755593198e+02
2.162485873789169091e+02
2.019283432259645963e+02
2.240006759961786145e+02
2.316206789214307094e+02
